$SPEC_ID:
No sample description was entered.
$SPEC_REM:
DET# 1
DETDESC# KFLABB4 Easy-MCA-2k SN 16145346
AP# Maestro Version 6.08
$DATE_MEA:
04/27/2022 15:38:02
$MEAS_TIM:
1582 1586
$DATA:
0 2047
       0
       0
       0
       0
       0
       0
       0
      34
    1550
     696
     776
     830
     860
     857
     894
     818
     860
     873
     904
     878
     984
    1015
    1069
    1160
    1163
    1178
    1286
    1382
    1432
    1498
    1668
    1680
    1719
    1827
    2004
    2064
    2118
    2172
    2200
    2251
    2412
    2590
    2957
    3028
    2751
    2506
    2456
    2366
    2586
    2551
    2498
    2373
    2429
    2285
    2256
    2319
    2137
    2229
    2199
    2170
    2198
    2236
    2153
    2150
    2125
    2033
    1987
    1922
    1872
    1806
    1901
    1815
    1919
    1832
    1744
    1686
    1739
    1702
    1634
    1589
    1554
    1619
    1584
    1652
    1524
    1458
    1533
    1391
    1460
    1476
    1458
    1406
    1415
    1355
    1376
    1233
    1315
    1226
    1232
    1216
    1201
    1211
    1231
    1208
    1183
    1165
    1034
    1058
    1030
    1035
    1001
    1034
     963
     943
    1001
     974
     901
     940
     872
     895
     886
     877
     826
     809
     844
     749
     791
     791
     765
     734
     757
     721
     753
     739
     718
     683
     713
     615
     757
     757
     773
     653
     584
     586
     580
     585
     611
     629
     602
     554
     487
     449
     470
     494
     478
     492
     451
     469
     464
     456
     450
     483
     455
     424
     425
     395
     439
     385
     384
     401
     405
     419
     432
     440
     406
     404
     369
     388
     320
     380
     348
     337
     328
     345
     340
     314
     322
     317
     320
     324
     282
     295
     357
     375
     568
     690
     557
     314
     293
     302
     276
     269
     295
     250
     279
     342
     355
     323
     259
     238
     226
     251
     256
     217
     215
     224
     256
     234
     223
     213
     221
     209
     219
     219
     211
     324
    1244
    1533
    1484
     363
     164
     146
     140
     153
     154
     159
     150
     139
     131
     140
     146
     132
     131
     148
     127
     144
     126
     125
     149
     132
     155
     112
     132
     130
     118
     126
     116
     108
     120
     123
     113
     120
     106
     120
     109
     137
     127
     139
     104
     125
     104
     133
     104
     132
     109
     128
      90
     112
     112
     124
     108
     108
      85
     116
     104
      99
      93
     102
     110
     111
      91
      92
     117
      97
      86
      88
      88
      99
     125
     146
     124
      95
      88
      88
      83
     101
      84
      91
      77
      67
      87
      75
      90
      94
      72
      79
      90
      80
     102
      66
      82
      86
      81
      78
      67
      78
      55
      72
      88
      95
      69
      71
      72
      73
      80
      92
      68
      70
      64
      73
     108
     122
     134
     104
      67
      78
      73
      61
      66
      73
      70
      69
      82
      60
      67
      93
     156
     157
     143
      55
      77
      53
      64
      60
      58
      79
      65
      69
      53
      67
      65
      66
      59
      60
      62
      64
      65
      57
      72
      64
      65
      43
      73
      46
      57
      85
     196
     316
     341
     174
      73
      55
      55
      57
      43
      48
      40
      53
      55
      62
      58
      59
      46
      52
      54
      35
      46
      49
      62
      50
      40
      49
      66
      56
      57
      51
      38
      58
      48
      40
      46
      51
      49
      55
      45
      55
      65
      56
      43
      45
      51
      44
      42
      35
      50
      53
      43
      41
      42
      41
      42
      41
      53
      52
      40
      47
      43
      44
      47
      55
      70
      59
      46
      49
      53
      47
      44
      34
      33
      42
      41
      50
      42
      49
      38
      54
      39
      43
      31
      35
      32
      38
      45
      47
      42
      48
      35
      44
      39
      34
      43
      49
      50
      31
      48
      42
      32
      35
      35
      37
      34
      32
      30
      40
      35
      37
      35
      35
      36
      28
      38
      39
      48
      48
      40
      54
      31
      29
      28
      26
      46
      37
      34
      38
      36
      32
      34
      30
      26
      46
      44
      35
      34
      40
      32
      43
      20
      38
      20
      31
      36
      28
      47
      78
      84
      51
      45
      25
      27
      28
      24
      34
      37
      33
      38
      34
      40
      33
      34
      30
      31
      37
      21
      25
      30
      34
      36
      31
      32
      35
      36
      29
      27
      27
      33
      26
      47
      57
      53
      55
      31
      29
      35
      36
      32
      33
      38
      24
      21
      28
      30
      26
      27
      29
      34
      27
      23
      27
      32
      28
      33
      24
      33
      18
      31
      23
      27
      30
      20
      18
      24
      23
      26
      21
      26
      24
      39
      29
      24
      23
      34
      29
      24
      22
      30
      22
      20
      31
      36
      29
      20
      32
      27
      34
      28
      26
      32
      17
      36
      18
      26
      25
      30
      25
      32
      32
      24
      24
      41
      24
      26
      24
      29
      26
      22
      29
      31
      25
      31
      24
      36
      20
      40
      18
      26
      40
      38
      58
      46
      31
      19
      31
      17
      29
      23
      24
      23
      16
      27
      22
      35
      25
      24
      21
      32
      26
      28
      20
      34
      37
      18
      21
      27
      25
      32
      28
      22
      36
      22
      28
      25
      25
      27
      28
      23
      34
      28
      22
      29
      24
      21
      24
      41
      26
      32
      29
      30
      32
      35
      28
      28
      40
      28
      34
      30
      29
      31
      42
      23
      27
      28
      31
      30
      27
      31
      34
      30
      43
      32
      26
      21
      19
      21
      19
      27
      15
      16
      22
      18
      13
      20
      12
      27
      17
      21
      22
      16
      16
      21
      14
      24
      19
      21
      15
      23
      10
      21
      19
      19
      13
      19
      15
      11
      15
      13
      16
      17
      15
      11
      17
      12
      20
      12
      20
      18
      17
       5
      12
      19
       9
      19
      16
      16
       9
      11
      11
       9
      10
      16
      15
      12
      16
      14
      11
      15
      13
      13
       5
      21
       8
      13
      14
       5
      14
       6
      13
      11
       7
      23
      16
      24
      18
      14
      10
       8
       7
       6
      10
      11
       5
      11
      17
       7
      12
      10
      10
      14
      19
       9
      12
       5
       8
      10
       7
       8
      10
      12
       6
      12
       8
      11
       4
       8
      11
      10
      13
       8
       9
       7
      15
      12
      11
      11
      11
      10
      15
      75
     206
     272
     206
      44
       9
       5
       7
      13
       7
       4
       6
       4
       8
       6
       2
       6
       6
       3
       7
       6
       5
       8
       7
       8
      10
      12
       7
       2
       7
      11
      14
      10
       4
      14
      11
      10
      11
       4
       6
      18
       9
      13
      11
       5
       7
       8
       8
       6
      16
      11
       6
       8
      11
       8
       9
       6
      11
       5
       7
      10
       4
       7
       3
       4
       8
       8
       8
       5
       6
       6
       6
       7
      10
       7
      16
       7
      12
      16
      11
      22
      20
       7
      10
       4
       9
       7
       1
       7
       6
       5
       4
       5
       5
       6
       3
       8
       2
       5
       6
       6
      11
       3
       9
       5
       5
       3
       8
       5
       6
       8
       8
       3
       8
       3
       7
       2
       7
       6
       5
       6
       5
       9
       8
       6
       3
       4
       5
      10
       6
       3
       4
       4
       2
       5
       5
       7
       3
       2
       8
       5
       3
       0
       8
       5
       7
       3
       3
       9
       6
       3
       8
       8
      11
       6
       7
       5
       2
       4
       4
      12
      11
       7
       9
       6
       5
       4
       6
       4
       4
       4
       5
       5
       9
       3
       3
       7
       5
       6
       4
       8
      24
      30
      18
       9
      10
       6
       5
       7
       6
       1
       5
       7
       4
       1
       3
       3
       8
       3
       5
       6
       6
       3
       9
       1
      10
       7
       8
       5
       2
       6
       4
       6
       3
       5
       6
       5
       5
       3
       6
       5
       3
       6
       4
       3
       4
       7
       4
       1
       5
       6
      10
       5
       6
       8
       4
       7
       2
       7
       6
       5
       7
       7
       6
       4
       9
       5
       7
       6
       5
       3
       2
       4
       5
       4
       6
       2
       4
       3
       4
       3
       2
       4
       3
       5
       6
       4
       2
       6
       3
       5
       7
       6
       2
       7
       5
       2
       9
       6
       4
       5
       5
       5
       5
       8
       8
       6
       8
       3
       7
       6
       3
       6
      12
       6
       2
       3
       4
      10
       2
       4
       5
       4
       7
       5
       2
       9
       5
       3
       4
       5
       4
       3
       3
       5
       8
       5
       2
       6
       7
       2
       6
       5
       2
       2
       6
       5
       7
       5
       5
       4
       3
       2
       5
       0
       3
       2
       3
       3
       0
       2
       8
       3
       4
       3
       4
       2
       5
       3
       4
       6
       7
       4
       5
       4
       2
       0
       4
       4
       5
       4
       4
       5
       4
       3
       2
       4
       3
       4
       7
       3
       4
       7
       5
       5
       5
       2
       7
       4
       4
       2
       4
       7
       7
      10
       6
       9
       2
       3
       4
       5
       2
       2
       2
       8
       2
       3
       4
       4
       0
       4
       3
       2
       4
       2
       5
       5
       2
       1
       3
       1
       3
       1
       3
       3
       3
       3
       2
       4
       2
       1
       1
       2
       3
       2
       5
       4
       3
       3
       3
       1
       1
       7
       3
       3
       7
       1
       3
       5
       0
       5
       6
       1
       6
       9
      11
       7
       8
       4
       1
       1
       1
       5
       6
       9
      17
      21
      20
       8
       4
       1
       4
       1
       7
       4
       1
       3
       2
       3
       4
       3
       4
       3
       1
       7
       2
       3
       2
       6
       4
       5
       1
       2
       5
       1
       2
       3
       5
       5
       4
       2
       3
       4
       1
       2
       3
       1
       6
       0
       5
       1
       3
       2
       3
       3
       2
       4
       4
       3
       3
       0
       6
       3
       2
       1
       5
       3
       3
       3
       3
       4
       2
       4
       3
       0
       3
       5
       2
       0
       3
       5
       6
       3
       1
       8
       5
       4
       3
       2
       5
       5
       1
       1
       3
       6
       3
       2
       3
       1
       3
       1
       1
       3
       0
       1
       1
       3
       1
       3
       1
       2
       2
       3
       4
       2
       2
       3
       4
       1
       0
       3
       1
       0
       1
       1
       0
       3
       3
       1
       2
       2
       3
       5
       0
       2
       5
       1
       2
       3
       2
       7
       6
       5
       3
       1
       2
       2
       2
       2
       2
       2
       1
       0
       2
       3
       1
       3
       0
       2
       3
       2
       0
       3
       2
       2
       0
       1
       3
       0
       1
       0
       2
       1
       1
       0
       0
       1
       0
       0
       1
       0
       1
       1
       0
       0
       2
       1
       1
       0
       0
       0
       1
       0
       0
       2
       2
       1
       0
       0
       1
       1
       1
       1
       0
       2
       0
       1
       0
       0
       0
       1
       0
       1
       2
       1
       1
       0
       0
       0
       2
       1
       1
       0
       1
       0
       0
       0
       2
       1
       0
       1
       1
       1
       1
       0
       2
       0
       0
       4
      28
      44
      50
      37
       6
       2
       2
       1
       0
       0
       0
       0
       0
       1
       0
       0
       2
       1
       0
       0
       1
       1
       0
       0
       0
       2
       1
       0
       0
       0
       0
       4
       0
       1
       0
       1
       0
       0
       0
       0
       0
       0
       2
       1
       0
       0
       0
       0
       1
       1
       0
       2
       0
       0
       0
       0
       0
       0
       0
       0
       0
       0
       0
       0
       0
       1
       0
       2
       0
       1
       0
       0
       0
       0
       1
       0
       0
       0
       0
       0
       0
       0
       0
       0
       0
       2
       0
       0
       1
       0
       0
       2
       0
       1
       0
       0
       1
       0
       0
       0
       0
       1
       0
       0
       0
       0
       1
       0
       0
       2
       0
       1
       0
       2
       1
       0
       1
       0
       0
       0
       1
       0
       0
       0
       0
       0
       1
       0
       0
       2
       0
       0
       0
       0
       1
       0
       0
       0
       0
       0
       1
       0
       0
       0
       0
       0
       1
       1
       0
       1
       0
       0
       0
       0
       0
       0
       0
       0
       0
       0
       2
       0
       0
       1
       1
       0
       0
       0
       0
       0
       1
       0
       0
       1
       1
       0
       0
       0
       0
       0
       0
       0
       0
       0
       0
       0
       2
       0
       1
       0
       0
       1
       0
       1
       2
       0
       1
       0
       2
       0
       0
       0
       0
       1
       0
       0
       0
       0
       0
       0
       2
       0
       1
       0
       1
       1
       1
       0
       0
       1
       1
       0
       0
       0
       1
       1
       2
       1
       0
       0
       1
       0
       1
       0
       0
       0
       0
       1
       1
       0
       2
       0
       1
       1
       0
       1
       0
       0
       0
       0
       0
       0
       0
       0
       0
       0
       0
       0
       1
       0
       0
       1
       1
       0
       0
       1
       0
       1
       0
       0
       0
       0
       0
       0
       1
       0
       0
       0
       0
       0
       0
       0
       0
       0
       0
       0
       0
       0
       1
       0
       0
       0
       0
       0
       1
       0
       0
       0
       0
       0
       2
       1
       1
       0
       0
       0
       0
       1
       0
       0
       0
       0
       0
       0
       1
       1
       1
       0
       0
       0
       0
       0
       0
       0
       0
       0
       0
       0
       0
       0
       0
       0
       0
       1
       0
       0
       2
       0
       0
       1
       0
       0
       0
       0
       1
       0
       0
       1
       1
       1
       0
       0
       0
       0
       0
       0
       1
       0
       1
       0
       0
       0
       1
       0
       0
       0
       0
       0
       0
       0
       0
       0
       0
       0
       1
       0
       0
       0
       0
       0
       0
       0
       0
       1
       2
       0
       0
       1
       0
       0
       0
       0
       1
       0
       2
       0
       0
       0
       0
       0
       0
       0
       0
       0
       0
       0
       1
       1
       0
       0
       0
       0
       0
       0
       0
       0
       0
       2
       0
       0
       0
       0
       0
       0
       0
       0
       0
       0
       2
       0
       0
       0
       0
       0
       0
       0
       0
       0
       0
       0
       0
       0
       1
       0
       0
       0
       0
       3
       0
       0
       0
       0
       0
       0
       0
       2
       1
       0
       1
       0
       1
       0
       0
       0
       0
       0
       0
       0
       0
       0
       1
       0
       0
       0
       0
       0
       0
       0
       0
       0
       0
       0
       0
       0
       0
       0
       0
       0
       0
       0
       0
       0
       0
       0
       0
       0
       0
       0
       0
       0
       0
       0
       0
$ROI:
0
$PRESETS:
Real Time
1800
0
$ENER_FIT:
-2.025658 1.703770
$MCA_CAL:
3
-2.025658E+000 1.703770E+000 0.000000E+000 keV
$SHAPE_CAL:
3
1.493669E+000 1.308853E-003 0.000000E+000
