$SPEC_ID:
No sample description was entered.
$SPEC_REM:
DET# 1
DETDESC# KFLABB4 Easy-MCA-2k SN 16145346
AP# Maestro Version 6.08
$DATE_MEA:
04/27/2022 11:10:37
$MEAS_TIM:
1400 1412
$DATA:
0 2047
       0
       0
       0
       0
       0
       0
       0
       0
       0
      11
     816
    1523
     941
    1063
    1105
     988
     952
     938
    1058
    1013
     975
     968
     957
     988
     949
     990
     980
    1046
     955
     977
    1009
    1040
    1063
    1052
    1056
    1066
    1066
    1082
    1099
    1120
    1309
    1727
    2302
    2196
    1830
    1137
    1112
    1239
    1406
    1589
    1409
    1109
    1034
     949
    1036
    1012
     989
     974
    1017
    1011
    1008
     986
    1012
    1006
     996
     924
     963
     952
    1029
    1009
    1044
    1026
     947
    1039
    1018
    1032
    1021
    1089
    1080
    1068
    1012
    1078
    1081
    1076
    1087
    1014
    1053
    1065
    1049
    1087
    1041
    1051
    1006
    1042
    1089
    1003
    1049
    1047
    1039
    1074
    1008
     958
    1043
    1028
    1074
    1028
     984
     987
    1018
    1009
     977
    1060
    1035
    1065
    1062
     996
    1060
    1042
    1036
    1007
    1024
    1067
    1035
    1115
    1126
    1169
    1116
    1145
    1160
    1169
    1079
    1154
    1125
    1074
    1116
    1132
    1045
    1090
    1076
    1105
    1122
    1014
    1058
    1075
     989
     955
     997
    1008
     977
     981
     944
     974
    1003
     940
     973
     945
     936
     915
     955
     903
     945
     896
     875
     925
     905
     922
     878
     855
     879
     910
     873
     871
     907
     852
     888
     907
     795
     856
     862
     793
     889
     901
     918
     838
     882
     837
     855
     854
     836
     816
     848
     788
     841
     834
     811
     814
     844
     842
     803
     839
     853
     801
     819
     820
     826
     758
     858
     815
     809
     794
     771
     778
     772
     762
     796
     737
     771
     777
     746
     753
     787
     784
     819
     783
     773
     742
     795
     759
     783
     746
     781
     752
     725
     732
     772
     779
     760
     778
     800
     760
     764
     747
     757
     801
     778
     714
     737
     736
     743
     754
     734
     720
     744
     719
     772
     712
     766
     730
     755
     714
     751
     662
     749
     761
     755
     712
     768
     729
     741
     725
     753
     720
     720
     697
     700
     715
     692
     702
     710
     714
     699
     728
     669
     719
     734
     704
     700
     698
     731
     730
     731
     713
     707
     695
     722
     684
     720
     708
     725
     773
     782
     744
     760
     680
     694
     713
     711
     680
     687
     712
     650
     693
     712
     722
     785
     669
     664
     666
     699
     699
     670
     649
     722
     679
     679
     726
     739
     668
     665
     688
     751
     657
     668
     699
     718
     713
     670
     685
     703
     713
     706
     710
     644
     714
     687
     703
     702
     692
     676
     675
     687
     665
     694
     675
     651
     708
     743
     697
     713
     660
     719
     665
     647
     712
     715
     692
     679
     708
     703
     672
     664
     727
     678
     647
     662
     694
     710
     715
     666
     714
     671
     716
     649
     706
     712
     700
     715
     780
     742
     764
     670
     694
     732
     665
     706
     698
     699
     696
     686
     665
     728
     678
     676
     699
     672
     711
     693
     655
     727
     658
     670
     706
     687
     728
     750
     699
     738
     676
     709
     714
     679
     712
     725
     738
     723
     730
     663
     673
     767
     689
     717
     686
     732
     749
     658
     718
     728
     688
     709
     715
     721
     726
     679
     689
     730
     788
     738
     738
     736
     759
     698
     759
     779
     700
     774
     742
     730
     747
     757
     731
     776
     723
     757
     787
     745
     791
     728
     784
     679
     729
     751
     757
     765
     768
     741
     795
     748
     802
     755
     785
     777
     841
     781
     780
     834
     769
     759
     768
     819
     779
     757
     794
     848
     786
     774
     839
     831
     843
     870
     849
     836
     845
     875
     881
     804
     818
     865
     836
     871
     903
     873
     905
     932
     872
     870
     863
     881
     892
     886
     881
     947
     891
     913
     872
     915
     854
     939
     985
     922
     894
     960
     942
     915
    1005
     990
     976
    1017
    1028
     982
    1018
    1081
    1053
     955
     965
    1024
    1049
    1046
    1027
    1026
    1040
    1034
    1086
    1062
    1118
    1050
    1147
    1099
    1056
    1088
    1115
    1063
    1088
    1046
    1039
     981
     941
     932
     883
     804
     821
     821
     796
     807
     805
     815
     750
     749
     797
     728
     760
     714
     754
     801
     755
     739
     763
     746
     757
     768
     724
     772
     734
     723
     683
     699
     736
     707
     707
     743
     670
     762
     700
     693
     712
     673
     673
     658
     709
     687
     716
     694
     719
     702
     740
     671
     645
     654
     665
     604
     645
     656
     691
     665
     672
     659
     651
     641
     638
     634
     649
     578
     622
     641
     670
     660
     661
     673
     655
     691
     696
     668
     712
     689
     684
     724
     679
     692
     703
     642
     703
     711
     739
     689
     649
     604
     641
     587
     546
     501
     420
     430
     460
     390
     454
     403
     440
     403
     403
     384
     406
     395
     385
     387
     403
     364
     389
     345
     370
     364
     376
     390
     389
     445
     411
     455
     486
     757
    4203
   11019
   12789
    7886
     989
     225
     249
     210
     213
     208
     237
     201
     180
     217
     183
     187
     149
     180
     179
     153
     151
     145
     139
     129
     115
     109
     119
     126
     111
      94
     109
      99
      81
      94
      87
     100
      90
      90
      83
      80
      86
      83
      77
      67
      73
      72
      54
      66
      53
      61
      73
      74
      60
      50
      53
      56
      53
      71
      61
      57
      50
      62
      57
      68
      50
      57
      52
      64
      66
      70
      71
      57
      55
      76
      73
      53
      62
      69
      69
      72
      86
      79
      69
      66
      65
      83
      83
     110
     108
     135
     131
     149
     224
     434
    2876
    8872
   10785
    7617
    1121
      18
       8
      15
       8
      16
      11
      14
      13
      15
      14
      10
      15
      11
      12
      11
       9
      11
      15
      11
      16
      14
      13
      11
      19
       9
      15
      11
      10
       6
      10
      13
       7
      10
      10
       8
      10
      11
       5
      11
      15
      13
      18
       8
      12
      13
      13
       8
      12
      17
       5
      10
       7
       7
       9
       9
      13
      11
      13
      12
      15
       9
      12
       9
      13
       9
       9
      16
       5
      12
      15
      18
      33
      77
      79
      60
      14
      11
       5
      10
      15
      11
       6
       6
      13
       9
       6
       8
       8
      13
       9
       9
       9
      10
       8
      11
       7
       6
       6
       4
       9
      13
      10
      14
       2
      10
       8
      13
      11
       4
       6
       4
       6
       5
       9
      10
       8
      13
       7
       8
       3
       9
       8
      13
       6
       4
       9
      11
       9
       9
       5
       9
       6
       9
       8
      12
       5
       9
       7
       6
       7
       6
       4
       4
       9
       8
       3
       7
      11
       8
       6
       3
       9
      12
       5
       8
       3
       6
       6
       4
       6
       7
       6
       3
       6
      11
       5
      14
       1
       6
      12
       9
       7
       9
       7
       3
       5
       3
      10
       3
       4
       6
       5
       8
       8
       5
       3
       6
       2
       9
      10
       9
       6
       5
       7
       5
       8
       5
       8
       6
       4
       9
       8
       9
       5
       1
       3
       6
      10
       5
      10
       8
       2
       2
       3
       6
      10
       6
       7
       3
       9
       5
       3
       2
      10
       3
       6
       7
       7
       6
       5
       4
       5
       8
       8
       8
       5
       5
       8
       9
       4
       8
       8
       1
       6
       6
       3
       8
       7
       5
       8
       7
       4
       4
      16
      13
       5
       4
       8
       4
       7
       7
       5
       3
       3
       8
       5
       2
       4
       3
       6
       8
       8
       4
       4
       4
       3
       4
       2
       6
       4
       6
       6
       5
       5
       5
       9
       7
       3
       7
       3
       5
       6
       4
       9
       2
       9
       1
       2
       6
       3
       5
       1
       8
       5
       4
       8
       2
       6
       4
       5
       3
       1
       7
       5
       3
       2
       1
       1
       5
       3
       4
       5
       8
       4
       6
       3
       4
       6
       4
       6
       5
       4
       7
       3
       8
       2
       8
       8
       5
       5
       8
       3
       8
       5
       4
       4
       2
       3
       2
       3
       4
       3
       3
       2
       2
       5
       1
       4
       3
       1
       2
       7
       5
       3
       3
       9
       3
       6
       5
       5
       2
       5
       7
       8
       6
       1
       5
       3
       2
       3
       6
       5
       4
       5
       5
       8
       7
       5
       9
       6
       4
       6
       7
       5
       5
       2
       6
       3
       4
       0
       7
       7
       5
       1
       5
       2
       2
       2
       4
       9
       5
       3
       4
       5
       8
       5
       6
       7
       3
       6
       4
       5
       0
       3
       4
       4
       5
       5
       4
       4
       4
       7
       4
       3
       5
       4
       5
       5
       1
       2
       3
       5
       0
       1
       3
       3
       3
       6
       3
       5
       0
       5
       3
       1
       0
       4
       4
       3
       4
       2
       1
       1
       5
       6
       1
       2
       3
       4
       1
       6
       5
       5
       2
       4
       1
       2
       7
       4
       2
       2
      11
       6
       2
       1
       3
       6
       5
       5
       4
       1
       3
       7
       6
       2
       0
       4
       3
       3
       1
       1
       4
       2
       3
       3
       6
       3
       3
       3
       3
       6
       5
       5
       2
       3
       6
       3
       6
       1
       2
       4
       1
       7
       2
       1
       3
       1
       2
       2
       5
       6
       1
       3
       4
       5
       4
       3
       3
       1
       3
       2
       5
       1
       0
       7
       0
       5
       6
       4
       5
       2
       5
       3
       7
       2
       3
       5
       0
       1
       4
       6
       4
       3
       2
       6
       6
       2
       3
       2
       1
       4
       3
       2
       2
       7
       3
       0
       2
       0
       1
       1
       2
       0
       2
       1
       5
       1
       4
       3
       3
       4
       1
       4
       3
       2
       5
       1
       4
       2
       5
       1
       2
       1
       3
       2
       0
       4
       4
       2
       1
       1
       5
       0
       3
       3
       2
       3
       2
       3
       2
       2
       3
       2
       0
       0
       3
       1
       2
       2
       5
       0
       2
       0
       3
       1
       1
       1
       0
       1
       2
       0
       0
       1
       1
       2
       2
       4
       0
       0
       0
       2
       0
       0
       3
       1
       1
       1
       0
       1
       0
       1
       1
       1
       3
       1
       0
       1
       1
       1
       1
       0
       2
       0
       1
       1
       1
       1
       1
       1
       1
       0
       0
       0
       1
       0
       0
       2
       0
       0
       0
       0
       1
       0
       0
       0
       1
      12
      18
      18
      16
       7
       1
       2
       1
       0
       1
       0
       0
       0
       0
       1
       0
       1
       0
       0
       1
       0
       0
       0
       0
       0
       0
       0
       0
       0
       0
       0
       0
       0
       0
       0
       0
       0
       0
       1
       0
       0
       0
       0
       0
       0
       0
       0
       1
       0
       0
       0
       0
       0
       0
       0
       0
       0
       0
       1
       0
       0
       0
       0
       0
       2
       3
       8
      12
      11
       6
       3
       0
       0
       0
       0
       0
       0
       0
       0
       0
       2
       0
       0
       0
       0
       0
       0
       0
       0
       0
       1
       0
       0
       0
       0
       0
       0
       0
       0
       0
       0
       0
       0
       0
       0
       0
       0
       0
       0
       0
       0
       0
       0
       0
       0
       0
       0
       0
       0
       0
       0
       0
       0
       0
       0
       0
       0
       0
       0
       0
       0
       0
       0
       0
       0
       0
       0
       0
       0
       0
       1
       0
       0
       0
       0
       0
       0
       0
       0
       0
       1
       0
       0
       0
       0
       0
       0
       0
       0
       0
       0
       0
       0
       0
       0
       0
       0
       1
       0
       0
       0
       0
       0
       0
       0
       0
       0
       0
       0
       0
       0
       0
       0
       0
       0
       0
       0
       0
       0
       0
       0
       0
       0
       0
       0
       0
       0
       0
       0
       0
       0
       0
       0
       0
       0
       0
       0
       0
       0
       0
       0
       0
       0
       0
       0
       0
       0
       0
       0
       0
       0
       0
       0
       0
       0
       0
       0
       0
       0
       0
       0
       0
       0
       0
       0
       0
       0
       0
       0
       0
       0
       0
       0
       0
       0
       0
       0
       0
       0
       0
       0
       1
       0
       1
       0
       1
       0
       0
       0
       0
       0
       0
       0
       0
       0
       0
       0
       0
       0
       0
       0
       0
       0
       0
       0
       0
       0
       1
       0
       0
       0
       0
       0
       0
       0
       0
       0
       0
       0
       0
       0
       0
       0
       0
       0
       0
       0
       0
       0
       1
       0
       0
       0
       0
       0
       0
       0
       0
       0
       0
       0
       0
       0
       0
       0
       0
       0
       0
       1
       0
       0
       0
       0
       0
       0
       0
       0
       0
       0
       0
       0
       0
       0
       0
       0
       0
       0
       0
       0
       0
       0
       0
       2
       0
       0
       0
       0
       0
       0
       0
       0
       0
       0
       0
       0
       0
       0
       0
       0
       0
       0
       0
       0
       0
       0
       0
       0
       0
       0
       0
       0
       0
       0
       0
       0
       0
       0
       0
       0
       0
       0
       0
       0
       0
       1
       0
       0
       0
       0
       0
       0
       0
       0
       0
       0
       0
       0
       0
       0
       0
       0
       0
       0
       0
       0
       0
       0
       0
       0
       0
       1
       0
       0
       0
       0
       0
       0
       0
       0
       0
       0
       0
       0
       0
       0
       0
       0
       1
       0
       0
       0
       0
       0
       0
       0
       0
       0
       0
       0
       0
       0
       0
       0
       0
       0
       0
       0
       0
       0
       0
       0
       0
       0
       0
       0
       0
       0
       0
       0
       0
       0
       0
       0
       0
       0
       0
       0
       0
       0
       0
       0
       0
       0
       0
       0
       0
       0
       0
       0
       0
       0
       0
       0
       0
       1
       0
       0
       0
       0
       0
       0
       0
       0
       0
       0
       0
       0
       0
       0
       0
       0
       0
       0
       0
       0
       0
       0
       0
       0
       0
       0
       0
       0
       0
       0
       0
       0
       0
       0
       1
       0
       0
       0
       0
       0
       0
       0
       0
       0
       0
       0
       0
       0
       0
       0
       0
       0
       0
       0
       0
       0
       0
       0
       0
       0
       0
       0
       0
       0
       0
       0
       0
       0
       0
       0
       0
       0
       0
       0
       0
       0
       0
       0
       0
       0
       0
       0
$ROI:
4
683 695
776 795
849 871
1343 1360
$PRESETS:
Real Time
1800
0
$ENER_FIT:
-2.025658 1.703770
$MCA_CAL:
3
-2.025658E+000 1.703770E+000 0.000000E+000 keV
$SHAPE_CAL:
3
1.493669E+000 1.308853E-003 0.000000E+000
