$SPEC_ID:
No sample description was entered.
$SPEC_REM:
DET# 1
DETDESC# KFLABB4 Easy-MCA-2k SN 16145346
AP# Maestro Version 6.08
$DATE_MEA:
04/27/2022 11:56:30
$MEAS_TIM:
1688 1800
$DATA:
0 2047
       0
       0
       0
       0
       0
       0
      15
     975
   32217
   15451
   19362
   22244
   22970
   24412
   25025
   28836
   38832
   73412
   85709
   79174
   42059
   32465
   25065
   15028
   13857
   14000
   14029
   13975
   13897
   14020
   13891
   13906
   14200
   14184
   14354
   14431
   14599
   14777
   14868
   15298
   15670
   17740
   20644
   22815
   20621
   16685
   14208
   14077
   15117
   16389
   16493
   14801
   13581
   12888
   12805
   13072
   12938
   12804
   12912
   12910
   12917
   13057
   13035
   12920
   13014
   12994
   13144
   12972
   13193
   13261
   13365
   13403
   13281
   13286
   13299
   13477
   13126
   13341
   13383
   13381
   13480
   13494
   13581
   13542
   13509
   13395
   13586
   13639
   13752
   13586
   13607
   13652
   13764
   13940
   13780
   13815
   13760
   14026
   14032
   13934
   14133
   14187
   14245
   14383
   14494
   14454
   14602
   15018
   15379
   15885
   16035
   15977
   16045
   15815
   15863
   15778
   15448
   15272
   15357
   15151
   15203
   14801
   14756
   14982
   14742
   14638
   14535
   14756
   14614
   14465
   14401
   14382
   14242
   14409
   14461
   14276
   14215
   14404
   14287
   14391
   14230
   14139
   13947
   14360
   14058
   14050
   13991
   14241
   14257
   14204
   14066
   13831
   14086
   14114
   14120
   14086
   14035
   13910
   13856
   13805
   13936
   13928
   14056
   13893
   13828
   13831
   13800
   13773
   13779
   14068
   13815
   13778
   13860
   13733
   13545
   13868
   13567
   13895
   13755
   13720
   13932
   13845
   13974
   13643
   13802
   13801
   13604
   13945
   13947
   13981
   13927
   14077
   13719
   13891
   14015
   13836
   14088
   14245
   13952
   13802
   14369
   14276
   14099
   14387
   14118
   14052
   14414
   14413
   14499
   14594
   14489
   14624
   14687
   14657
   14549
   14661
   14854
   14806
   15023
   15087
   15234
   15229
   15358
   15464
   15373
   15415
   15589
   15750
   15625
   15594
   16183
   16196
   16086
   16255
   16668
   16598
   16675
   16859
   17036
   17247
   17375
   17432
   17496
   17868
   17924
   18373
   18643
   18380
   18695
   18850
   18722
   19270
   19331
   19394
   19468
   19665
   19893
   20177
   20457
   20273
   20387
   20678
   20851
   21067
   20897
   21199
   21319
   21432
   21344
   21252
   21251
   21690
   21477
   21469
   21063
   20994
   20500
   19865
   18961
   17907
   16838
   15297
   14262
   13245
   12481
   12040
   11414
   11170
   10990
   10719
   10501
   10376
    9857
    9618
    9622
    9434
    9092
    8954
    8651
    8490
    8466
    8163
    8047
    7970
    7808
    7551
    7433
    7005
    6997
    6749
    6505
    6608
    6049
    5976
    5872
    5536
    5498
    5231
    5159
    4854
    4710
    4560
    4307
    4291
    3982
    4009
    3892
    3636
    3602
    3424
    3292
    3322
    3160
    3045
    3084
    3027
    2940
    2874
    2965
    2805
    2798
    2651
    2780
    2711
    2739
    2660
    2689
    2774
    2705
    2723
    2692
    2718
    3041
    3378
    3598
    3608
    3721
    3847
    3871
    4011
    4265
    4354
    4614
    4836
    5251
    5547
    5876
    6090
    6639
    7090
    7502
    7876
    8568
    9237
    9856
   10714
   11491
   12775
   14343
   15496
   17274
   19390
   22540
   26427
   31975
   40993
   61617
  154771
  279046
  280263
  130190
    9149
     828
     769
     698
     701
     656
     626
     626
     568
     620
     572
     571
     594
     582
     607
     597
     583
     562
     450
     426
     425
     411
     420
     385
     384
     377
     364
     351
     361
     382
     380
     360
     369
     362
     369
     362
     353
     391
     358
     368
     399
     365
     368
     325
     372
     337
     307
     329
     344
     371
     297
     320
     320
     319
     322
     311
     323
     307
     312
     317
     298
     326
     290
     314
     291
     312
     299
     302
     292
     279
     316
     311
     284
     307
     284
     288
     313
     233
     286
     281
     263
     276
     272
     274
     283
     252
     276
     265
     311
     263
     242
     281
     246
     248
     242
     222
     235
     262
     241
     223
     248
     291
     254
     242
     244
     222
     238
     243
     241
     227
     282
     249
     246
     212
     237
     215
     254
     225
     237
     215
     252
     228
     234
     223
     224
     240
     228
     214
     200
     219
     209
     213
     200
     209
     214
     235
     219
     218
     217
     197
     187
     183
     211
     203
     201
     194
     188
     195
     192
     178
     201
     186
     204
     169
     166
     178
     156
     167
     183
     203
     164
     176
     192
     157
     148
     162
     165
     156
     151
     178
     151
     155
     178
     170
     156
     163
     185
     169
     167
     159
     155
     144
     147
     149
     141
     153
     133
     145
     143
     143
     138
     145
     149
     138
     136
     143
     126
     126
     138
     132
     121
     137
     135
     118
     150
     115
     131
     114
     130
     146
     119
     127
     126
     115
     130
     116
     124
     129
     126
     103
     135
     127
     113
     120
     118
     127
     122
     105
     134
     121
     104
     121
     107
     124
     121
     127
     102
     123
     116
     105
     116
     139
      92
     100
     111
     105
     100
     115
     111
     103
      95
     101
      67
     107
     108
     104
      99
      88
      96
     104
     112
     111
      82
      93
     111
      81
      87
      89
      82
      80
      86
      85
      77
      77
      61
      70
      57
      77
      62
      65
      80
      96
      69
      61
      58
      63
      45
      58
      66
      65
      53
      78
      61
      67
      67
      46
      64
      84
     117
     113
      74
      62
      40
      53
      39
      48
      46
      42
      62
      42
      49
      46
      41
      39
      44
      49
      40
      39
      38
      38
      47
      38
      43
      42
      38
      47
      39
      38
      43
      34
      40
      44
      36
      39
      39
      41
      40
      47
      42
      36
      45
      37
      44
      30
      48
      31
      34
      42
      40
      48
      36
      30
      53
      40
      40
      40
      45
      42
      40
      38
      45
      44
      51
      44
      50
      48
      45
      45
      44
      54
      46
      52
      52
      37
      59
      67
      48
      57
      64
      49
      48
      54
      67
      73
      56
     103
      97
      71
      62
      25
      25
      45
      65
      63
      32
      10
       8
       8
       2
       7
       6
      13
       9
      10
       9
       5
       8
      10
       8
       6
       7
      10
       6
       7
       9
       5
       5
       5
       6
       9
       6
      10
      10
       9
       8
       8
      11
       6
       5
       5
      11
       3
       4
       5
       7
      13
       7
       4
      12
       7
      12
       2
       3
       5
       7
       6
       9
       8
      11
       6
       6
       3
       5
       3
       8
      10
       5
       9
      10
       9
       8
      13
       9
       7
      12
      23
      10
      45
      61
      63
      35
      14
       5
       4
       7
       5
       4
       3
       3
       1
       5
       4
       3
       1
       3
       3
       4
       5
       7
       2
       4
       3
       7
       5
       8
       2
       6
       3
       3
       1
       3
       3
       4
       4
       1
       2
       2
       1
       3
       4
       5
       2
       5
       2
       2
       3
       2
       3
       4
       7
       4
       5
       4
       5
       3
       2
       6
       2
       3
       6
       2
       3
       4
       2
       4
       3
       6
       5
       2
       2
       2
       5
       4
       5
       3
       9
       9
       6
       3
       5
       1
       3
       1
       3
       2
       1
       1
       3
       3
       2
       3
       1
       1
       4
       1
       4
       5
       2
       3
       2
       1
       1
       0
       3
       7
       2
       2
       2
       3
       2
       4
       1
       5
       4
       1
       2
       3
       2
       0
       3
       2
       3
       2
       3
       3
       2
       3
       4
       3
       3
       3
       3
       1
       1
       2
       1
       1
       2
       0
       5
       6
       3
       3
       3
       4
       2
       0
       5
       3
       2
       2
       1
       3
       2
       3
       2
       4
       0
       4
       2
       1
       3
       3
       0
       1
       2
       2
       2
       2
       0
       1
       2
       2
       0
       2
       0
       4
       6
       7
       8
      11
       7
       4
       1
       1
       1
       1
       1
       1
       3
       1
       3
       1
       4
       6
       0
       2
       2
       2
       5
       7
       0
       2
       2
       3
       3
       1
       3
       6
       1
       1
       1
       1
       0
       2
       0
       3
       2
       3
       2
       1
       1
       3
       0
       3
       3
       2
       2
       0
       1
       2
       4
       1
       2
       1
       3
       7
       0
       3
       3
       3
       0
       1
       2
       2
       1
       3
       1
       4
       2
       2
       3
       2
       3
       5
       3
       1
       3
       1
       4
       1
       0
       2
       2
       2
       1
       0
       2
       0
       2
       0
       1
       1
       1
       1
       1
       3
       2
       0
       1
       2
       1
       0
       0
       0
       1
       1
       1
       2
       2
       2
       3
       3
       1
       1
       1
       2
       3
       2
       2
       2
       4
       2
       1
       1
       2
       4
       4
       1
       2
       2
       1
       4
       2
       1
       2
       1
       1
       2
       4
       2
       3
       2
       1
       2
       2
       2
       1
       2
       2
       0
       1
       0
       1
       4
       3
       1
       1
       3
       0
       3
       1
       3
       0
       0
       1
       2
       2
       1
       2
       4
       1
       2
       0
       2
       2
       3
       2
       3
       0
       1
       2
       2
       0
       2
       1
       0
       2
       1
       1
       2
       3
       2
       0
       2
       1
       1
       0
       2
       2
       2
       5
       2
       3
       0
       2
       1
       1
       3
       2
       2
       0
       2
       1
       3
       1
       0
       1
       2
       1
       1
       0
       0
       2
       1
       3
       0
       1
       1
       2
       1
       1
       4
       0
       0
       1
       0
       0
       1
       1
       3
       5
       4
       2
       1
       2
       1
       2
       1
       0
       3
       0
       3
       0
       2
       0
       1
       2
       1
       1
       2
       0
       4
       2
       1
       3
       1
       0
       2
       1
       0
       3
       1
       1
       1
       1
       2
       1
       1
       1
       0
       1
       0
       1
       0
       5
       0
       2
       3
       0
       2
       1
       3
       2
       1
       1
       2
       2
       1
       0
       1
       1
       1
       2
       2
       3
       2
       3
       2
       1
       1
       4
       1
       2
       1
       0
       4
       1
       1
       5
       0
       1
       0
       1
       2
       1
       0
       1
       1
       2
       4
       1
       2
       0
       2
       1
       0
       2
       2
       0
       2
       0
       1
       1
       4
       1
       2
       1
       1
       2
       1
       3
       0
       1
       1
       0
       2
       3
       2
       2
       1
       1
       0
       1
       2
       0
       0
       2
       2
       1
       1
       4
       0
       1
       5
       1
       1
       1
       1
       1
       1
       1
       0
       2
       0
       0
       1
       1
       1
       1
       2
       1
       0
       0
       0
       0
       0
       0
       2
       0
       0
       1
       0
       0
       0
       0
       2
       1
       1
       0
       0
       1
       1
       0
       3
       1
       0
       0
       1
       2
       0
       0
       1
       0
       0
       0
       0
       1
       1
       1
       0
       0
       0
       0
       2
       0
       0
       0
       0
       0
       1
       0
       1
       1
       0
       0
       1
       1
       0
       2
       0
       1
       0
       0
       0
       0
       0
       0
       1
       0
       0
       0
       0
       1
       0
       0
       2
       0
       0
       0
       1
       0
       0
       0
       0
       0
       0
       1
       1
       0
       0
       0
       1
       0
       0
       0
       0
       0
       0
       0
       2
       0
       0
       0
       1
       2
       3
       1
       0
       1
       2
       0
       2
       1
       2
       1
       5
       6
       9
      14
      10
       1
       1
       1
       0
       1
       2
       0
       0
       0
       0
       0
       0
       0
       0
       0
       0
       0
       0
       0
       0
       0
       0
       0
       0
       0
       0
       0
       0
       0
       0
       0
       0
       0
       0
       0
       0
       0
       0
       0
       0
       0
       0
       0
       0
       0
       0
       0
       0
       0
       0
       0
       0
       0
       0
       0
       0
       0
       0
       0
       0
       1
       0
       0
       1
       0
       0
       0
       1
       0
       0
       0
       0
       0
       1
       0
       0
       0
       0
       0
       0
       1
       0
       0
       0
       0
       0
       0
       0
       0
       0
       0
       0
       0
       1
       0
       0
       0
       0
       0
       1
       0
       0
       0
       0
       0
       0
       0
       0
       0
       0
       0
       0
       0
       0
       1
       0
       0
       0
       1
       0
       0
       0
       0
       0
       0
       1
       1
       0
       0
       0
       0
       0
       0
       1
       0
       0
       0
       1
       0
       0
       1
       0
       0
       0
       0
       0
       0
       0
       0
       0
       0
       0
       0
       0
       0
       0
       0
       0
       0
       0
       0
       0
       0
       0
       0
       0
       0
       0
       0
       0
       0
       0
       0
       0
       0
       0
       0
       0
       0
       0
       0
       0
       0
       0
       0
       1
       0
       0
       0
       1
       0
       0
       0
       0
       0
       0
       0
       0
       0
       0
       0
       0
       0
       0
       0
       0
       0
       0
       0
       0
       0
       0
       0
       0
       0
       1
       0
       0
       0
       0
       0
       0
       0
       0
       0
       0
       0
       0
       0
       0
       1
       0
       0
       0
       0
       0
       0
       0
       0
       0
       0
       0
       1
       0
       0
       0
       0
       0
       0
       0
       0
       0
       0
       0
       0
       0
       0
       0
       0
       0
       0
       0
       0
       0
       0
       0
       0
       0
       0
       0
       0
       0
       0
       0
       1
       0
       0
       0
       0
       0
       0
       0
       0
       0
       0
       0
       0
       0
       0
       0
       0
       0
       0
       0
       0
       0
       0
       0
       0
       0
       0
       0
       0
       0
       0
       0
       0
       0
       0
       0
       0
       0
       0
       0
       0
       0
       0
       0
       0
       0
       0
       0
       0
       0
       0
       0
       1
       0
       0
       0
       0
       0
       0
       0
       0
       0
       0
       0
       0
       0
       0
       0
       0
       0
       0
       0
       0
       0
       0
       0
       0
       0
       0
       0
       0
       0
       0
       0
       0
       0
       0
       0
       0
       0
       0
       0
       0
       0
       0
       0
       0
       0
       0
       0
       0
       0
       0
       0
       0
       0
       0
       0
       0
       0
       0
       0
       0
       0
       0
       0
       0
       0
       0
       0
       0
       0
       0
       0
       0
       0
       1
       1
       0
       0
       0
       0
       0
       0
       0
       0
       0
       0
       0
       0
       0
       0
       0
       0
       0
       0
       0
       0
       0
       0
       0
       0
       1
       0
       0
       0
       0
       0
       0
       0
       0
       0
       0
       0
       0
       0
       0
       0
       0
       0
       1
       0
       0
       0
       0
       0
       0
       0
       0
       0
       0
       0
       0
       0
       0
       0
       1
       0
       0
       0
       0
       0
       0
       0
       0
       0
       0
       0
       0
       0
       0
       0
       0
       0
       0
       0
       0
       0
       0
       0
       0
       0
       0
       0
       0
       0
       0
       0
       0
       0
       0
       0
$ROI:
5
347 396
683 695
776 795
849 871
1343 1360
$PRESETS:
Real Time
1800
0
$ENER_FIT:
-2.025658 1.703770
$MCA_CAL:
3
-2.025658E+000 1.703770E+000 0.000000E+000 keV
$SHAPE_CAL:
3
1.493669E+000 1.308853E-003 0.000000E+000
