$SPEC_ID:
No sample description was entered.
$SPEC_REM:
DET# 1
DETDESC# KFLABB4 Easy-MCA-2k SN 16145346
AP# Maestro Version 6.08
$DATE_MEA:
04/27/2022 14:37:41
$MEAS_TIM:
1216 1232
$DATA:
0 2047
       0
       0
       0
       0
       0
       0
       1
      85
    3756
    1737
    1989
    2008
    2056
    1940
    1990
    1861
    1978
    1920
    1763
    1864
    1782
    1860
    1809
    1891
    1876
    1848
    1894
    1797
    1925
    1891
    1973
    1986
    2074
    2068
    2219
    2178
    2368
    2369
    2390
    2529
    3173
    4671
    7810
    8983
    8268
    5315
    3103
    3175
    4125
    5231
    5576
    7313
    7547
    9433
    7919
    6070
    2618
    2465
    2512
    2773
    3934
    4755
    4466
    3064
    2587
    1922
    1876
    1850
    1824
    1756
    1760
    1783
    1743
    1783
    2080
    2147
    2023
    1746
    1790
    1760
    1774
    1820
    1782
    1763
    1840
    1819
    1747
    1792
    1815
    1990
    1941
    1838
    1856
    1824
    1818
    1848
    1859
    1808
    1863
    1908
    1886
    1928
    1903
    1908
    1893
    1979
    1873
    1912
    1900
    1938
    1877
    1852
    1867
    1966
    1864
    1935
    1921
    1977
    1946
    1970
    1987
    2376
    2714
    2812
    1962
    1889
    1971
    1941
    1817
    1936
    1840
    1936
    1823
    1879
    1861
    2087
    2082
    2290
    6284
   12187
   13242
    6373
    2300
    1548
    1526
    1514
    1515
    1538
    1507
    1456
    1493
    1523
    1428
    1514
    1425
    1457
    1557
    2075
    2203
    2102
    1579
    1716
    1967
    1985
    1572
    1452
    1341
    1381
    1430
    1445
    1367
    1357
    1353
    1444
    1674
    2079
    2081
    1672
    1330
    1290
    1311
    1289
    1266
    1296
    1359
    1350
    1269
    1359
    1349
    1392
    1409
    1925
    1974
    1919
    1488
    1370
    1541
    3074
    3750
    3568
    1609
    1235
    1231
    1171
    1181
    1153
    1099
    1150
    1245
    1165
    1133
    1137
    1109
    1063
    1156
    1092
    1125
    1168
    1114
    1108
    1135
    1112
    1118
    1086
    1164
    1115
    1180
    1153
    1110
    1085
    1106
    1085
    1154
    1075
    1191
    1028
    1120
    1032
    1117
    1402
    1379
    1277
     984
     932
     909
     931
    1008
     900
     910
     879
     895
     933
     892
     878
     874
     875
     871
     875
     921
     913
     927
     853
     846
     863
     968
     973
     964
     874
     853
     895
    1375
    1702
    1702
    1019
     861
     885
     841
     839
     836
     862
     944
     809
     840
     811
     829
     871
     851
     815
     839
     839
     795
     880
     835
     833
     869
     864
     941
    1121
    2452
    3328
    3246
    1558
     865
     729
     747
     736
     828
     804
     848
     827
     772
     746
     736
     804
     743
     773
     751
     752
     793
     784
     813
     812
     783
     750
     718
     791
     711
     760
     836
     948
     935
     828
     812
     811
     810
     849
     791
     854
     812
     958
    2330
    5500
    6233
    3822
     908
     659
     712
     651
     690
     675
     637
     614
     688
     648
     627
     593
     686
     671
     660
     617
     649
     637
     689
     605
     634
     679
     642
     654
     739
     632
     600
     659
     647
     651
     635
     677
     608
     612
     660
     693
     668
     646
     646
     629
     641
     613
     665
     737
     687
     732
     713
     632
     685
     604
     664
     659
     626
     635
     668
     642
     625
     660
     685
     642
     693
     631
     674
     694
     676
     631
     644
     688
     667
     667
     711
     648
     685
     584
     555
     541
     591
     565
     576
     594
     675
    1313
    1682
    1659
     751
     541
     533
     514
     519
     544
     505
     516
     523
     514
     505
     496
     544
     556
     658
     653
     580
     517
     524
     550
     598
     461
     448
     510
     675
     636
     542
     442
     387
     406
     436
     528
     549
     505
     409
     379
     471
     837
    1042
     865
     404
     341
     323
     304
     305
     320
     301
     312
     298
     328
     262
     306
     309
     302
     284
     292
     311
     270
     344
     334
     417
     452
     534
     512
     425
     421
     350
     262
     256
     275
     245
     259
     287
     286
     266
     548
     853
     890
     518
     250
     223
     218
     248
     249
     255
     247
     223
     250
     231
     251
     222
     247
     244
     237
     238
     255
     312
     300
     262
     246
     301
     328
     368
     428
     628
    2615
    3917
    3739
    1084
     172
     158
     188
     201
     181
     182
     189
     193
     181
     206
     197
     189
     224
     186
     194
     199
     190
     203
     224
     226
     216
     236
     209
     203
     253
     248
     287
     456
     911
    1172
    2078
    2411
    2210
     596
     164
     157
     164
     151
     179
     169
     163
     174
     180
     174
     148
     137
     160
     146
     147
     148
     175
     160
     171
     139
     119
     151
     161
     143
     142
     155
     140
     155
     173
     140
     164
     135
     132
     137
     159
     157
     178
     151
     143
     155
     160
     146
     146
     137
     158
     140
     141
     143
     147
     162
     138
     174
     145
     174
     169
     142
     156
     123
     157
     168
     178
     177
     219
     194
     133
     143
     156
     144
     149
     135
     163
     181
     171
     161
     130
     144
     126
     148
     175
     170
     172
     184
     172
     132
     161
     154
     149
     149
     126
     137
     123
     123
     146
     126
     138
     136
     138
     162
     112
     137
     161
     114
     144
     132
     118
     161
     150
     162
     134
     127
     145
     129
     122
     146
     146
     143
     149
     165
     182
     168
     139
     127
     153
     136
     159
     130
     125
     131
     141
     129
     155
     155
     130
     135
     148
     130
     137
     152
     144
     130
     136
     145
     148
     151
     144
     147
     137
     134
     109
     122
     130
     152
     149
     130
     118
     121
     167
     164
     153
     148
     194
     214
     205
     171
     160
     123
     116
     140
     154
     139
     146
     116
     151
     143
     130
     132
     106
     155
     124
     118
     131
     121
     112
     145
     137
     159
     147
     112
     138
     115
     133
     137
     136
     120
     142
     124
     136
     138
     135
     147
     134
     138
     114
     118
     116
     118
     138
     116
     130
     126
     143
     167
     194
     156
     132
     139
     131
     150
     132
     121
     153
     132
     116
     136
     117
     146
     122
     112
     125
     148
     108
     128
     110
     134
     115
     146
     137
     139
     123
     109
     121
     123
     129
     120
     104
     113
     113
     125
     103
     134
     116
     112
     116
     115
     121
     112
     111
      94
      94
     105
     121
     120
     106
      90
      83
     126
     121
     106
      78
      90
      97
      94
     104
     131
      95
      96
     102
     105
     100
     110
      94
      87
      81
     102
     109
     119
     182
     227
     204
     127
      98
      92
      94
      92
      81
     105
     109
      98
      99
      87
      86
      92
      85
      99
     100
     105
     114
     141
     205
     175
     138
     123
     135
     138
      94
     109
      78
      99
     101
     117
     102
      85
      71
      89
      84
      65
      69
      90
      67
      90
      57
      85
      80
      80
      88
      76
      72
      90
      86
      79
      74
      78
      74
      86
      97
      84
      78
      81
      83
      69
      88
      86
      95
      85
      66
      98
      86
      99
     134
     156
     130
     146
     346
     461
     589
     589
     583
     417
     118
      83
      90
      79
      88
      87
      83
      81
      86
      81
      72
      81
      99
     168
     230
     268
     170
     121
     131
     186
     258
     230
     138
      87
     122
     122
     125
      95
      88
      75
      73
      65
     115
      89
      77
      92
      75
      86
     102
      95
      83
      87
      83
      79
      85
      95
      77
      90
      91
     114
      71
      83
      80
      73
      80
      99
      81
      82
      98
      83
      75
      63
      99
     106
      94
      79
      85
      89
      87
      79
      86
      81
      95
      68
      72
      78
     105
      90
      82
      78
      82
      83
      87
     101
      93
      85
      82
      87
      82
      87
      77
      69
      85
      71
      90
      76
      90
      68
      81
      90
      96
      63
      86
      80
      94
      79
      94
      80
      88
      86
      80
     102
      87
      86
      82
      92
      76
      87
      69
      91
      82
      82
      93
      85
      96
      82
      98
      79
      92
      70
      74
      86
      89
      85
     101
      99
      77
      89
      87
      74
      68
      79
      98
      87
      78
      86
      96
      76
      72
      66
      73
      88
      84
      90
      88
      83
      91
      72
      98
      84
      94
      85
     107
      84
      92
      79
      92
      81
      91
      81
      78
      82
      92
     103
     107
     109
     100
      89
      85
      87
      83
      85
      86
      82
      98
      87
      98
      90
      88
     105
      85
      79
      90
      82
      89
      84
      90
      74
      92
      93
      78
      89
      74
     103
      90
      68
      99
      91
      82
      95
      75
      90
     100
      71
      93
      85
      80
      96
      75
      84
      69
      84
      85
      97
      79
      95
     103
      91
      93
      84
      59
      82
      81
      73
      78
      79
      72
      91
      89
      92
      85
      74
      81
      87
      78
      82
      83
      92
      64
      94
      64
      92
      97
      70
      84
      73
      79
      73
      84
      79
      89
      77
      84
      83
      99
      70
      90
      95
      85
      97
      99
      81
      79
      86
      81
      73
      90
      80
      87
      86
      84
      67
      84
      88
      92
      84
      69
      68
      71
      89
      91
      90
     101
      83
     101
      91
      86
      96
     103
     129
     181
     327
     442
     368
     221
     138
     100
      99
      86
      84
      86
      81
      76
      97
     106
      86
      78
      94
     101
      92
      89
     110
      80
      85
     100
      92
      97
     101
     100
      91
     111
      99
      97
      93
      97
      85
      92
      74
      82
      93
      91
     103
     105
      98
      92
     100
      86
      91
     100
     107
     102
     104
     111
     107
      90
     107
     105
      96
      75
     121
     116
      91
      86
     102
     115
      91
      91
      92
     113
     105
     100
      86
     108
     111
     117
     114
     108
     104
     110
      97
     107
     105
     125
      96
     125
     120
     104
     113
     124
     107
     108
     126
     112
     123
     104
     131
     101
     106
     115
      95
     124
     119
     118
     137
     114
     125
     110
     126
     132
     113
     127
     133
     112
     135
     107
     132
     116
     122
     124
     122
     122
     145
     116
     122
     107
     124
     130
     133
     126
     115
     132
     121
     127
     124
     130
     138
     127
     141
     122
     122
     134
     124
     119
     127
     151
     136
     137
     141
     149
     141
     157
     131
     145
     125
     157
     143
     169
     159
     154
     148
     149
     148
     132
     155
     139
     141
     157
     168
     127
     120
     133
     104
     100
     115
      90
      89
      98
      90
      92
      97
      95
      83
      86
      76
      88
      94
      77
      82
      90
      82
      68
      76
      78
      67
      80
      59
      79
      67
      74
      64
      64
      83
      67
      72
      62
      75
      61
      63
      71
      51
      76
      53
      54
      59
      62
      61
      40
      61
      45
      53
      47
      51
      56
      51
      50
      49
      58
      31
      30
      53
      48
      45
      39
      41
      33
      25
      32
      34
      30
      42
      33
      24
      19
      28
      24
      15
      24
      25
      19
      18
      20
      18
      12
      18
      17
      16
      13
      17
      18
      18
      17
      16
      15
      15
      10
      13
      16
      12
       6
      19
      10
      16
      11
      13
      13
      18
      22
      16
      18
      18
      11
      16
      10
      17
      12
      11
      11
      22
      15
      19
      17
      17
      18
      18
      21
      19
      17
      33
      32
      35
      39
      29
      49
      55
      50
     101
     289
     913
    1778
    2202
    1584
     471
      51
       3
       3
       2
       0
       2
       0
       1
       2
       2
       3
       3
       2
       0
       1
       1
       1
       3
       0
       2
       2
       1
       1
       4
       0
       3
       1
       2
       0
       1
       0
       2
       2
       2
       2
       1
       1
       0
       2
       1
       1
       4
       3
       1
       0
       3
       1
       6
       2
       1
       2
       3
       0
       0
       1
       2
       1
       0
       2
       0
       2
       4
       4
       2
       0
       1
       1
       0
       1
       2
       2
       1
       2
       6
       4
       1
       1
       1
       0
       1
       1
       1
       2
       0
       0
       2
       0
       2
       0
       2
       1
       1
       1
       3
       0
       2
       0
       1
       2
       2
       2
       3
       3
       0
       1
       0
       0
       0
       0
       1
       0
       0
       0
       0
       1
       0
       0
       2
       2
       2
       2
       1
       1
       3
       2
       1
       0
       1
       1
       0
       0
       0
       1
       1
       1
       2
       1
       1
       1
       1
       2
       1
       1
       0
       0
       1
       0
       2
       2
       3
       1
       1
       0
       0
       0
       1
       0
       1
       3
       0
       0
       3
       0
       0
       1
       0
       2
       0
       1
       3
       1
       0
       1
       1
       0
       0
       3
       0
       2
       2
       0
       0
       0
       0
       0
       1
       1
       1
       1
       1
       0
       0
       2
       1
       0
       0
       0
       2
       0
       0
       0
       1
       1
       1
       0
       3
       0
       0
       1
       1
       1
       0
       1
       1
       0
       0
       0
       0
       1
       0
       0
       0
       0
       0
       0
       0
       0
       0
       2
       1
       0
       0
       0
       0
       1
       0
       2
       1
       0
       0
       0
       0
       1
       0
       0
       0
       0
       2
       1
       1
       0
       1
       0
       2
       0
       1
       0
       0
       2
       2
       0
       0
       1
       0
       0
       1
       1
       0
       0
       0
       0
       1
       0
       0
       1
       0
       0
       0
       1
       1
       0
       0
       2
       0
       0
       0
       0
       0
       0
       0
       1
       1
       0
       0
       0
       0
       0
       0
       0
       1
       0
       0
       1
       0
       0
       0
       1
       0
       0
       0
       1
       0
       1
       0
       0
       0
       0
       1
       0
       0
       0
       0
       1
       0
       0
       0
       0
       0
       0
       1
       0
       0
       1
       0
       0
       0
       0
       2
       0
       0
       0
       0
       0
       0
       0
       1
       0
       0
       1
       4
       1
       1
       0
       0
       0
       1
       1
       0
       0
       0
       0
       0
       0
       0
       0
       0
       0
       0
       0
       0
       0
       0
       0
       1
       1
       0
       0
       0
       0
       0
       1
       0
       0
       0
       0
       0
       0
       0
       0
       0
       1
       0
       0
       0
       0
       1
       0
       0
       0
       1
       0
       0
       0
       0
       1
       0
       0
       0
       0
       1
       0
       0
       0
       0
       1
       0
       0
       0
       0
       0
       0
       0
       0
       0
       0
       0
       1
       1
       0
       0
       0
       1
       1
       0
       1
       0
       0
       0
       1
       0
       0
       0
       0
       0
       0
       0
       0
       0
       0
       0
       0
       0
       0
       0
       2
       0
       1
       0
       0
       0
       1
       0
       0
       0
       1
       0
       0
       0
       0
       0
       0
       0
       0
       0
       0
       0
       0
       0
       0
       0
       0
       0
       0
       0
       0
       0
       0
       0
       0
       0
       0
       0
       0
       0
       0
       0
       0
$ROI:
1
928 942
$PRESETS:
Real Time
1800
0
$ENER_FIT:
-2.025658 1.703770
$MCA_CAL:
3
-2.025658E+000 1.703770E+000 0.000000E+000 keV
$SHAPE_CAL:
3
1.493669E+000 1.308853E-003 0.000000E+000
