$SPEC_ID:
No sample description was entered.
$SPEC_REM:
DET# 1
DETDESC# KFLABB4 Easy-MCA-2k SN 16145346
AP# Maestro Version 6.08
$DATE_MEA:
04/27/2022 14:49:07
$MEAS_TIM:
1724 1800
$DATA:
0 2047
       0
       0
       0
       0
       0
       0
       9
     542
   17171
    7858
    9435
    9894
    9535
    9425
    9471
    9527
    9558
    9695
    9597
    9592
    9610
    9732
    9554
    9365
    9364
    9481
    9617
    9744
    9726
    9658
    9695
    9733
    9914
    9794
    9966
    9937
   10431
   10314
   10651
   10788
   11102
   13394
   16208
   17323
   15514
   11318
    9978
   10044
   11442
   12299
   12015
   10660
    9717
    9249
    9372
    9281
    9330
    9456
    9418
    9367
    9450
    9367
    9390
    9437
    9481
    9456
    9539
    9529
    9683
    9676
    9614
    9557
    9755
    9765
    9494
    9724
    9779
    9944
    9529
    9857
   10009
    9778
    9723
    9863
    9958
    9909
   10002
   10120
    9954
   10075
    9844
    9956
   10115
   10052
   10276
   10306
   10321
   10476
   10693
   10719
   11020
   11331
   11445
   11451
   11371
   11203
   11151
   11113
   11141
   10910
   10917
   10956
   10827
   10871
   10820
   10892
   10745
   10918
   10738
   10682
   10698
   10693
   10852
   11037
   10780
   11120
   11205
   11272
   11055
   10958
   10941
   11068
   11176
   11186
   11118
   11004
   11050
   11117
   11001
   10856
   11070
   11073
   10922
   10877
   10920
   10652
   10969
   11343
   11115
   11149
   10928
   10842
   10755
   11157
   10900
   11057
   11179
   11094
   11126
   11273
   11410
   11390
   11444
   11470
   11582
   11575
   11784
   11739
   11750
   12069
   11955
   12061
   12277
   12084
   12364
   12488
   12531
   12639
   12692
   12869
   12879
   12984
   13072
   13074
   13311
   13173
   13379
   13478
   13475
   13411
   13565
   13472
   13347
   13357
   13387
   13271
   12918
   12639
   12122
   11288
   10562
    9628
    8917
    8462
    8169
    7814
    7640
    7491
    7374
    7270
    7121
    6724
    6715
    6628
    6506
    6471
    6411
    6141
    5930
    6033
    5783
    5720
    5640
    5531
    5418
    5388
    5240
    5169
    5035
    4895
    4891
    4810
    4803
    4595
    4708
    4464
    4253
    4307
    4349
    4171
    4042
    4069
    4117
    3939
    3947
    3956
    3946
    3829
    3852
    3855
    3866
    3893
    3779
    3753
    3650
    3756
    3752
    3693
    3713
    3626
    3753
    3659
    3724
    3713
    3646
    3714
    3726
    3711
    3773
    3752
    3830
    3934
    4005
    4140
    4304
    4272
    4446
    4522
    4622
    4649
    4873
    4993
    5053
    5403
    5816
    5964
    6254
    6706
    7318
    7695
    8395
    9266
   10248
   11414
   13231
   15991
   20472
   35523
   88354
  159025
  172443
  108232
   27341
    4271
    2064
    1851
    1809
    1856
    1844
    1861
    1891
    1815
    1829
    1868
    1903
    1840
    1790
    1878
    1839
    1770
    1809
    1774
    1761
    1770
    1836
    1721
    1738
    1840
    1758
    1736
    1844
    1841
    1698
    1741
    1731
    1796
    1821
    1757
    1794
    1732
    1785
    1750
    1775
    1784
    1710
    1705
    1801
    1764
    1774
    1673
    1730
    1718
    1742
    1779
    1751
    1709
    1801
    1732
    1744
    1799
    1747
    1742
    1728
    1722
    1716
    1699
    1726
    1779
    1711
    1667
    1752
    1724
    1720
    1743
    1724
    1740
    1727
    1682
    1723
    1704
    1651
    1679
    1716
    1650
    1702
    1803
    1711
    1722
    1790
    1809
    1763
    1700
    1763
    1734
    1735
    1687
    1766
    1673
    1665
    1734
    1768
    1667
    1641
    1652
    1668
    1673
    1733
    1652
    1723
    1682
    1681
    1729
    1664
    1719
    1641
    1701
    1732
    1690
    1763
    1725
    1665
    1642
    1753
    1762
    1662
    1652
    1676
    1739
    1694
    1723
    1683
    1635
    1678
    1658
    1686
    1671
    1729
    1686
    1707
    1680
    1710
    1736
    1789
    1730
    1619
    1711
    1814
    1741
    1822
    1735
    1722
    1758
    1735
    1677
    1683
    1678
    1695
    1725
    1696
    1705
    1733
    1661
    1724
    1785
    1674
    1745
    1732
    1761
    1774
    1762
    1711
    1745
    1779
    1661
    1775
    1796
    1819
    1747
    1758
    1708
    1695
    1744
    1785
    1715
    1757
    1638
    1788
    1789
    1756
    1849
    1778
    1795
    1826
    1774
    1839
    1871
    1823
    1786
    1884
    1795
    1812
    1751
    1839
    1840
    1794
    1829
    1845
    1847
    1825
    1854
    1870
    1856
    1842
    1994
    1874
    1884
    1899
    1868
    1878
    1909
    1927
    1886
    1874
    1960
    1845
    1959
    1913
    1958
    1893
    2011
    2008
    1953
    2011
    2009
    2023
    2022
    2046
    1969
    2133
    2052
    1966
    2024
    2091
    2119
    2048
    2116
    1997
    2040
    2084
    2114
    2078
    2137
    2175
    2178
    2150
    2244
    2274
    2196
    2169
    2226
    2222
    2217
    2307
    2316
    2407
    2311
    2355
    2412
    2354
    2429
    2403
    2451
    2450
    2374
    2457
    2461
    2502
    2515
    2524
    2524
    2579
    2559
    2586
    2616
    2594
    2624
    2636
    2704
    2597
    2799
    2664
    2695
    2751
    2744
    2938
    2813
    2859
    2930
    2892
    2811
    3016
    2945
    3026
    3060
    2919
    2956
    2904
    2943
    3051
    2985
    3041
    3079
    3150
    3120
    3064
    2976
    2958
    2949
    2942
    2908
    2744
    2654
    2588
    2323
    2164
    2049
    1941
    1883
    1804
    1775
    1689
    1712
    1653
    1657
    1620
    1658
    1615
    1594
    1580
    1536
    1455
    1463
    1445
    1399
    1450
    1403
    1405
    1381
    1335
    1375
    1245
    1291
    1291
    1195
    1242
    1202
    1259
    1201
    1161
    1069
    1085
    1012
    1040
    1039
     943
    1017
     896
     964
     847
     894
     803
     839
     767
     745
     729
     681
     703
     717
     610
     624
     594
     601
     551
     542
     508
     532
     484
     537
     556
     507
     491
     448
     387
     420
     433
     390
     374
     376
     372
     400
     376
     379
     352
     379
     361
     358
     359
     379
     363
     353
     358
     380
     383
     376
     402
     395
     405
     397
     394
     434
     461
     468
     512
     561
     524
     572
     600
     645
     693
     667
     723
     812
     883
     878
     958
    1018
    1100
    1277
    1341
    1571
    1826
    1973
    2267
    2746
    3355
    4232
    7356
   22249
   40636
   41814
   20708
    1942
     169
     123
     125
     128
     115
     110
     111
     123
     107
     117
     114
      98
      99
      99
      91
     108
      99
     101
     105
     128
     117
     113
     102
      98
      89
      99
     109
     111
     110
     114
     148
     160
     139
     112
      80
      94
     119
      90
      94
      97
      99
      87
      82
      98
      99
      94
     106
      91
      90
      81
      98
      74
      76
      89
      89
      78
      74
     100
      83
      79
      85
      83
      84
      71
      77
      84
      72
      83
      74
      79
      78
      77
      80
      51
      76
      70
      73
      80
      82
      67
      73
      62
      65
      76
      70
      81
      79
      64
      74
      62
      81
      61
      72
      53
      71
      56
      64
      81
      64
      70
      77
      68
      54
      61
      87
     107
     155
     158
     126
      65
      62
      68
      58
      54
      70
      58
      66
      64
      45
      47
      60
      59
      66
      69
      47
      67
      54
      41
      73
      52
      66
      63
      54
      52
      61
      56
      45
      60
      53
      54
      61
      60
      58
      66
      53
      51
      65
      48
      58
      49
      44
      49
      67
      58
      54
      61
      66
      58
      60
      60
      52
      44
      51
      49
      53
      51
      56
      46
      56
      43
      51
      62
      49
      49
      52
      52
      46
      44
      42
      52
      55
      45
      49
      42
      35
      56
      41
      48
      44
      41
      52
      41
      43
      32
      37
      46
      50
      37
      29
      34
      26
      31
      30
      28
      43
      46
      39
      39
      26
      22
      30
      27
      18
       9
      30
      22
      29
      28
      25
      24
      27
      23
      19
      21
      21
      23
      23
      23
      17
      16
      17
      13
      20
      22
      17
      20
      20
      18
      20
      23
      17
      12
      19
      24
      20
      18
      15
      14
      20
      14
      18
      21
      15
      12
      19
      22
      18
      17
      10
      11
      20
      15
      21
       9
      15
      27
       9
      13
      15
      20
      15
      13
      17
      21
      21
      17
      15
      11
      19
      25
      22
      14
      24
      17
      19
      24
      36
      41
      26
      32
      32
      30
      29
      26
      28
      46
      56
      69
     174
     246
     240
     133
      45
       7
      10
       3
       7
       8
       4
       4
       7
       8
       4
       9
       2
      10
       6
       9
       7
       6
       6
       6
       4
       6
       7
       6
       7
      10
       4
       2
       6
      10
       6
       7
       5
       9
       7
       3
       6
       9
       4
       6
       3
       7
       9
       4
       5
       6
       2
       4
       6
       4
       5
       7
       6
      10
       2
       7
       6
       8
       4
       8
       6
       5
       8
       8
       5
       8
      10
       6
       6
       8
       6
       7
       8
       4
       3
       0
       4
       5
       6
       6
      10
       7
       9
       8
       6
       2
       5
       5
       4
       5
       6
       5
       6
       4
       5
       4
       3
       6
       4
       1
       6
       4
       7
       4
       5
       4
       2
       1
       4
       6
       6
       3
       2
       4
       4
       4
       4
       5
       5
       5
       5
       2
       3
       6
       7
       0
       4
       2
       7
       6
       2
       5
       3
       2
       4
       5
       3
       8
       5
       2
       7
       8
       7
      10
       3
       3
       4
       0
       3
       2
       5
       5
       3
       3
       3
       3
       8
       4
       4
       4
       5
       2
       3
       3
       3
       3
       4
       2
       6
       3
       4
       1
       3
       2
       4
       5
       6
       3
       4
       6
       4
       3
       1
       7
       4
       4
      10
       9
       5
       5
       3
       6
       4
       1
       7
       8
       5
       4
       4
       2
       8
       4
       3
       3
       1
      11
       2
       2
       3
       3
       5
       4
       1
       2
       3
       3
       1
      10
       1
       6
       0
       5
       1
       6
       4
       2
       3
       8
       5
       2
       4
       4
       2
       3
       4
       4
       3
       4
       4
       5
       7
       8
       5
       3
       3
       4
       3
       4
       2
       5
       3
       1
       3
       5
       2
       2
       3
       3
       2
       5
       1
       1
       0
       4
       3
       2
       2
       0
       1
       0
       0
       1
       5
       2
       4
       2
       2
       2
       2
       1
       4
       4
       2
       4
       3
       5
       4
       4
       3
       6
       2
       5
       1
       3
       5
       1
       5
       3
       7
       6
       4
       6
       4
       4
       3
       2
       2
       1
       1
       9
       1
       4
       1
       5
       2
       1
       3
       0
       4
       1
       3
       3
       2
       1
       1
       2
       3
       2
       0
       2
       1
       1
       3
       1
       4
       3
       1
       1
       2
       1
       4
       2
       1
       3
       3
       0
       3
       3
       3
       0
       1
       1
       6
       2
       2
       0
       0
       4
       0
       1
       3
       3
       1
       0
       2
       0
       3
       4
       2
       2
       1
       0
       2
       2
       1
       3
       3
       1
       2
       1
       1
       2
       2
       2
       0
       0
       2
       1
       1
       3
       1
       1
       3
       3
       1
       0
       2
       3
       1
       1
       2
       1
       0
       2
       1
       2
       0
       1
       0
       1
       3
       0
       1
       0
       0
       2
       0
       2
       1
       0
       0
       0
       1
       0
       1
       1
       0
       1
       2
       0
       1
       0
       0
       1
       1
       0
       0
       2
       3
       0
       2
       0
       1
       0
       3
       0
       0
       1
       3
       1
       3
       3
       0
       3
       0
       0
       0
       0
       1
       1
       1
       0
       0
       0
       0
       0
       0
       0
       2
       0
       0
       0
       1
       1
       1
       1
       1
       0
       2
       1
       0
       0
       1
       1
       0
       1
       0
       1
       2
       1
       3
       4
       5
      10
      25
       9
       4
       0
       0
       0
       0
       1
       0
       0
       1
       0
       0
       0
       0
       0
       1
       0
       0
       1
       0
       0
       0
       0
       0
       0
       0
       0
       1
       0
       0
       0
       0
       2
       0
       0
       0
       0
       1
       0
       0
       1
       0
       1
       0
       0
       0
       1
       0
       0
       0
       0
       0
       0
       1
       1
       0
       0
       0
       1
       0
       0
       0
       0
       0
       0
       0
       1
       0
       0
       0
       0
       1
       0
       0
       0
       2
       0
       0
       0
       0
       0
       0
       0
       0
       0
       0
       0
       0
       2
       1
       1
       0
       0
       0
       1
       0
       0
       0
       0
       0
       0
       0
       0
       0
       1
       0
       0
       0
       0
       0
       0
       0
       0
       0
       1
       0
       0
       0
       0
       0
       0
       0
       0
       0
       0
       0
       0
       0
       0
       0
       0
       0
       1
       0
       0
       0
       0
       0
       1
       1
       0
       0
       0
       0
       0
       0
       0
       0
       0
       0
       0
       0
       0
       0
       1
       0
       0
       0
       0
       0
       0
       0
       0
       0
       0
       0
       0
       0
       0
       0
       0
       0
       0
       0
       0
       0
       0
       0
       0
       0
       0
       0
       0
       0
       0
       0
       0
       0
       0
       0
       0
       0
       1
       0
       0
       0
       0
       0
       0
       0
       0
       0
       0
       0
       0
       0
       0
       0
       0
       0
       0
       0
       0
       0
       0
       0
       0
       0
       0
       0
       1
       1
       0
       0
       0
       0
       0
       0
       0
       0
       0
       1
       0
       0
       0
       0
       0
       0
       0
       0
       0
       0
       0
       0
       0
       0
       0
       1
       0
       0
       0
       0
       0
       0
       1
       0
       0
       0
       0
       1
       0
       0
       0
       0
       0
       0
       0
       0
       0
       0
       0
       0
       0
       0
       0
       0
       0
       0
       0
       0
       0
       0
       0
       0
       0
       0
       0
       0
       0
       0
       0
       0
       0
       0
       0
       0
       0
       0
       0
       0
       0
       0
       0
       0
       0
       0
       0
       0
       0
       0
       0
       0
       0
       0
       0
       0
       0
       0
       1
       0
       0
       0
       0
       0
       0
       0
       0
       0
       0
       0
       0
       0
       0
       0
       0
       0
       0
       0
       0
       0
       0
       0
       0
       0
       0
       0
       1
       0
       0
       0
       0
       0
       0
       0
       0
       2
       0
       0
       0
       0
       0
       0
       0
       0
       0
       0
       0
       0
       0
       0
       0
       0
       0
       0
       0
       0
       0
       0
       0
       0
       0
       0
       0
       0
       0
       0
       0
       0
       0
       0
       0
       0
       0
       0
       0
       0
       0
       0
       0
       0
       0
       0
       1
       0
       0
       0
       0
       0
       0
       0
       0
       0
       0
       0
       1
       1
       0
       0
       0
       0
       0
       0
       0
       0
       0
       0
       0
       0
       0
       0
       0
       0
       0
       0
       0
       0
       1
       0
       0
       0
       0
       0
       0
       0
       0
       0
       0
       0
       0
       0
       0
       0
       0
       0
       0
       0
       0
       0
       0
       0
       0
       0
       1
       0
       0
       0
       0
       0
       0
       0
       0
       0
       0
       0
       0
       0
       0
       0
       0
       0
       0
       0
       0
       0
       0
       0
       0
       0
       0
       0
       0
       0
       0
       0
       0
       0
       0
       0
       0
$ROI:
1
928 942
$PRESETS:
Real Time
1800
0
$ENER_FIT:
-2.025658 1.703770
$MCA_CAL:
3
-2.025658E+000 1.703770E+000 0.000000E+000 keV
$SHAPE_CAL:
3
1.493669E+000 1.308853E-003 0.000000E+000
