4263.932 -0.285 
4267.624 -0.279 
4271.258 -0.274 
4274.821 -0.268 
4278.311 -0.264 
4281.741 -0.263 
4285.076 -0.261 
4288.363 -0.261 
4291.577 -0.262 
4291.905 -0.277 
4294.718 -0.264 
4297.796 -0.265 
4300.778 -0.268 
4303.768 -0.270 
4306.543 -0.274 
4309.324 -0.277 
4312.035 -0.280 
4314.700 -0.283 
4317.228 -0.285 
4319.745 -0.287 
4322.162 -0.287 
4324.567 -0.290 
4326.835 -0.291 
4331.034 -0.291 
4170.134 -0.284 
4175.311 -0.284 
4180.369 -0.283 
4185.367 -0.282 
4190.315 -0.280 
4195.173 -0.279 
4199.993 -0.276 
4204.746 -0.274 
4209.404 -0.272 
4214.025 -0.270 
4218.569 -0.267 
4223.033 -0.265 
4227.435 -0.265 
4231.765 -0.265 
4236.008 -0.266 
4240.211 -0.268 
4244.354 -0.269 
4248.396 -0.274 
4252.380 -0.280 
4256.303 -0.285 
