4260.055 -0.286 
4263.753 -0.282 
4267.474 -0.277 
4271.118 -0.274 
4274.638 -0.272 
4277.963 -0.269 
4281.399 -0.266 
4284.844 -0.265 
4288.135 -0.266 
4291.248 -0.265 
4294.460 -0.265 
4297.479 -0.269 
4300.484 -0.269 
4303.455 -0.272 
4306.267 -0.273 
4309.036 -0.277 
4311.818 -0.277 
4314.293 -0.280 
4317.092 -0.282 
4319.535 -0.282 
4321.784 -0.284 
4323.976 -0.285 
4329.143 -0.286 
4180.334 -0.280 
4184.982 -0.278 
4190.197 -0.277 
4194.829 -0.276 
4199.839 -0.274 
4204.446 -0.273 
4209.219 -0.272 
4213.760 -0.269 
4218.300 -0.268 
4222.809 -0.267 
4227.181 -0.265 
4231.485 -0.266 
4235.778 -0.266 
4239.992 -0.268 
4244.108 -0.269 
4248.164 -0.272 
4252.170 -0.276 
4256.106 -0.281 
