$SPEC_ID:
No sample description was entered.
$SPEC_REM:
DET# 1
DETDESC# Easy-MCA 2k Ser:112316
AP# Maestro Version 7.01
$DATE_MEA:
04/27/2022 14:20:59
$MEAS_TIM:
1084 1300
$DATA:
0 2047
       0
       0
       0
       0
       0
       0
       0
       0
       0
       0
       0
       0
       0
       1
     413
   22065
   33004
   36098
   38090
   38897
   39424
   40541
   43401
   47622
   52183
   56898
   63660
   73840
   89771
  111061
  128357
  132311
  122927
  113051
  111410
  116819
  120205
  114443
   99710
   81471
   68410
   60862
   55788
   50152
   44469
   38629
   34439
   33266
   33520
   34523
   35412
   35923
   35887
   36392
   36546
   36979
   37434
   37833
   38387
   39091
   39571
   39959
   40124
   40023
   41509
   41482
   41457
   43167
   43407
   44233
   44778
   46246
   47382
   48631
   50488
   52805
   55172
   57475
   59799
   61844
   64241
   66930
   70599
   75612
   83023
   93012
  104359
  113987
  122474
  125825
  124550
  116517
  105438
   92006
   78739
   66725
   56404
   49998
   46413
   44274
   43294
   43100
   42308
   42206
   41353
   41021
   39884
   39488
   39053
   38443
   38198
   38204
   38297
   38411
   38300
   38127
   38858
   39660
   41287
   42561
   43889
   45376
   45929
   47138
   46814
   45808
   44485
   42291
   39475
   36858
   33918
   31246
   28788
   26457
   24803
   23441
   22490
   22000
   21435
   21453
   21099
   20916
   20976
   21052
   21116
   20916
   21042
   21100
   20939
   20827
   20648
   20654
   20284
   20117
   19637
   19608
   19481
   19235
   19311
   19060
   19356
   19374
   19792
   20026
   20856
   20876
   21428
   21508
   22122
   21948
   22024
   21888
   22037
   21714
   22007
   22193
   22381
   22455
   22912
   22997
   23720
   24293
   24997
   25215
   26041
   26134
   26351
   26400
   25887
   25132
   24101
   23616
   22842
   21892
   20924
   20962
   20637
   20876
   21067
   22144
   23131
   24525
   25737
   27489
   29167
   31328
   33271
   34222
   35954
   36651
   37597
   37523
   37130
   36071
   34935
   32902
   30764
   28466
   25973
   23432
   21098
   19202
   17032
   15381
   14042
   12980
   12414
   11726
   11319
   10820
   10618
   10560
   10366
   10269
   10238
   10146
   10323
   10243
   10277
   10294
   10181
   10202
   10341
   10300
   10307
   10425
   10642
   10723
   10693
   10928
   11198
   11493
   11335
   11656
   11928
   12083
   12527
   12662
   12866
   13090
   13505
   13285
   13091
   13001
   12847
   12483
   12536
   12332
   11880
   11867
   11355
   11307
   11078
   10866
   10729
   10750
   10512
   10577
   10760
   10572
   10464
   10547
   10577
   10375
   10300
   10234
    9622
    9905
    9638
    9328
    9350
    9267
    9127
    9003
    9183
    9049
    9029
    9212
    9405
    9314
    9360
    9782
    9729
   10173
   10282
   10661
   10797
   11020
   11425
   11883
   12045
   12874
   13044
   13648
   14372
   15104
   15832
   16337
   16955
   17851
   18232
   19187
   19419
   19680
   20069
   19906
   20200
   19817
   19748
   19326
   18912
   18283
   17671
   17529
   17244
   16702
   16303
   15973
   16225
   15738
   15363
   15293
   15043
   14663
   14631
   14189
   13631
   13273
   12658
   11998
   11379
   10516
    9717
    9025
    8499
    7632
    7097
    6278
    5885
    5428
    5113
    4710
    4364
    4055
    3907
    3773
    3611
    3521
    3455
    3346
    3310
    3282
    3242
    3292
    3381
    3278
    3288
    3268
    3197
    3238
    3281
    3417
    3223
    3332
    3380
    3254
    3315
    3314
    3299
    3236
    3156
    3177
    3191
    3189
    3095
    3020
    2973
    3059
    3067
    2982
    2957
    2848
    2869
    2797
    2682
    2737
    2654
    2749
    2642
    2687
    2580
    2539
    2448
    2449
    2382
    2470
    2429
    2382
    2371
    2319
    2357
    2329
    2270
    2369
    2250
    2328
    2355
    2296
    2266
    2248
    2304
    2335
    2323
    2348
    2274
    2302
    2349
    2271
    2232
    2254
    2298
    2275
    2270
    2243
    2150
    2162
    2112
    2127
    2056
    2124
    2082
    2048
    2011
    2029
    1997
    2000
    1935
    2013
    1931
    1923
    1972
    1940
    1881
    1858
    1873
    1873
    1819
    1817
    1852
    1793
    1792
    1816
    1787
    1708
    1816
    1755
    1656
    1752
    1723
    1655
    1694
    1681
    1656
    1629
    1684
    1641
    1677
    1652
    1677
    1694
    1582
    1642
    1667
    1628
    1747
    1679
    1722
    1650
    1648
    1683
    1650
    1653
    1730
    1694
    1731
    1667
    1719
    1797
    1823
    1814
    1817
    1835
    1863
    1909
    1916
    1898
    1901
    1908
    1933
    1868
    1965
    2022
    2077
    1951
    2036
    2088
    2014
    2058
    2048
    2107
    2090
    2090
    2126
    2165
    2198
    2139
    2181
    2311
    2346
    2352
    2475
    2503
    2545
    2599
    2574
    2847
    2812
    2966
    3013
    2943
    3067
    3059
    3179
    3310
    3130
    3188
    3312
    3274
    3254
    3120
    3194
    3120
    3247
    3170
    3055
    2989
    2984
    2923
    2859
    2790
    2684
    2580
    2523
    2465
    2359
    2395
    2322
    2139
    2138
    2074
    1941
    1897
    1785
    1799
    1775
    1668
    1672
    1613
    1608
    1652
    1612
    1471
    1476
    1434
    1417
    1462
    1350
    1348
    1405
    1396
    1364
    1426
    1339
    1357
    1348
    1307
    1278
    1318
    1347
    1358
    1296
    1329
    1311
    1398
    1288
    1326
    1318
    1361
    1307
    1376
    1325
    1343
    1307
    1337
    1287
    1305
    1361
    1279
    1251
    1338
    1304
    1366
    1358
    1329
    1319
    1255
    1333
    1338
    1318
    1344
    1340
    1293
    1323
    1317
    1317
    1300
    1294
    1293
    1312
    1283
    1237
    1275
    1301
    1287
    1243
    1285
    1281
    1377
    1203
    1285
    1258
    1295
    1266
    1230
    1313
    1311
    1258
    1219
    1235
    1270
    1204
    1259
    1269
    1230
    1189
    1181
    1255
    1265
    1202
    1234
    1267
    1193
    1266
    1182
    1222
    1257
    1266
    1207
    1183
    1273
    1237
    1184
    1256
    1226
    1246
    1287
    1332
    1269
    1287
    1373
    1315
    1287
    1367
    1306
    1332
    1374
    1385
    1431
    1455
    1445
    1498
    1485
    1534
    1519
    1635
    1640
    1738
    1750
    1735
    1815
    1877
    1938
    2055
    1895
    2080
    2062
    2091
    2224
    2148
    2252
    2214
    2294
    2320
    2321
    2294
    2221
    2381
    2366
    2296
    2276
    2252
    2203
    2212
    2230
    2113
    2044
    2131
    2080
    2028
    1892
    2010
    1870
    1862
    1853
    1784
    1739
    1793
    1668
    1747
    1685
    1629
    1612
    1677
    1620
    1594
    1601
    1624
    1666
    1550
    1654
    1633
    1636
    1649
    1629
    1606
    1666
    1687
    1681
    1726
    1596
    1595
    1635
    1613
    1644
    1525
    1642
    1659
    1677
    1663
    1681
    1612
    1615
    1654
    1592
    1554
    1583
    1647
    1621
    1550
    1543
    1610
    1622
    1573
    1540
    1559
    1540
    1456
    1462
    1511
    1415
    1468
    1450
    1300
    1399
    1358
    1289
    1314
    1262
    1253
    1237
    1198
    1156
    1179
    1078
    1124
    1077
    1092
    1048
    1020
    1007
    1008
     959
     892
     936
     923
     922
     878
     867
     845
     828
     791
     840
     825
     806
     769
     764
     764
     768
     766
     777
     734
     767
     801
     798
     788
     867
     912
     809
     880
     916
     891
     973
    1007
    1074
    1122
    1173
    1137
    1211
    1343
    1349
    1468
    1474
    1618
    1757
    1816
    1952
    1982
    2140
    2284
    2388
    2539
    2608
    2780
    2909
    3093
    3367
    3329
    3459
    3640
    3678
    3823
    3957
    4019
    4129
    4207
    4282
    4281
    4377
    4352
    4341
    4267
    4235
    4348
    4144
    4077
    4007
    4000
    3822
    3733
    3658
    3485
    3309
    3219
    3121
    2917
    2744
    2586
    2473
    2414
    2142
    2050
    1940
    1821
    1655
    1599
    1445
    1332
    1242
    1191
    1059
    1032
    1010
     848
     796
     794
     673
     676
     604
     574
     581
     517
     491
     470
     482
     466
     439
     399
     428
     398
     364
     349
     360
     331
     359
     341
     350
     339
     361
     319
     353
     287
     342
     316
     322
     310
     296
     310
     333
     313
     288
     288
     273
     283
     276
     318
     293
     257
     270
     292
     261
     275
     264
     276
     257
     262
     271
     279
     269
     284
     277
     260
     249
     230
     246
     216
     247
     272
     236
     232
     255
     240
     223
     235
     222
     236
     237
     242
     241
     204
     209
     165
     199
     183
     181
     190
     208
     183
     187
     182
     181
     180
     164
     178
     188
     169
     170
     153
     164
     168
     165
     170
     152
     157
     132
     159
     130
     150
     154
     152
     162
     119
     132
     141
     140
     131
     142
     118
     113
     132
     135
     130
     113
     106
     117
     124
     120
     128
     112
     111
     115
     101
     136
     120
     108
     108
     113
     118
     118
     131
     137
     111
     136
     136
     127
     137
     127
     132
     132
     137
     145
     160
     141
     153
     134
     155
     130
     133
     153
     167
     122
     146
     148
     156
     175
     176
     159
     157
     158
     163
     151
     168
     157
     145
     163
     147
     155
     147
     159
     142
     144
     143
     138
     138
     110
     156
     123
     117
      96
     101
     118
      98
      94
     101
     106
      90
      97
      87
      88
     103
      79
      78
      75
      75
      67
      61
      63
      56
      62
      55
      54
      61
      54
      50
      46
      38
      45
      45
      44
      40
      49
      39
      58
      37
      37
      39
      32
      39
      43
      33
      39
      36
      33
      40
      36
      45
      32
      43
      43
      41
      41
      38
      41
      31
      37
      28
      45
      25
      29
      29
      34
      32
      34
      35
      39
      24
      32
      40
      31
      32
      41
      30
      40
      37
      43
      30
      34
      21
      41
      29
      35
      43
      40
      39
      33
      31
      40
      36
      26
      31
      32
      27
      23
      32
      29
      30
      26
      35
      28
      32
      28
      28
      28
      28
      25
      29
      24
      30
      23
      16
      13
      21
      24
      10
      20
      23
      23
      22
      17
      21
      19
      16
      22
      15
      21
      19
      29
       9
      13
      16
      11
      15
      10
      14
      19
      23
      12
      17
      14
      18
      10
       9
      11
      15
      10
      14
       6
      15
      17
      13
      14
      11
      19
      10
      10
      14
      17
       8
       9
      18
      16
      19
       7
      12
      10
      11
      13
      12
       8
      11
       7
      17
      19
      10
      15
      10
       6
      10
      10
       8
      15
       9
      12
      13
      11
      11
       7
      10
       7
      12
      14
       5
      17
       6
       9
       6
      11
       9
      12
       5
       8
      14
      11
      10
       8
       9
       9
       7
       6
       6
       8
       9
      13
       5
      14
      11
      14
      11
       7
       9
       8
      13
       5
      14
       8
      13
       9
      11
       2
       7
       2
       4
      10
      11
       5
       6
       9
       2
      10
       5
       8
       6
      10
       8
       7
       5
       6
       7
      13
       7
       8
       5
       8
       1
       2
       9
       9
       5
       6
      11
       4
       5
       4
       9
       2
       4
       3
       8
       4
       7
       6
       6
       4
       4
       6
       4
       4
       7
      10
       6
       6
       8
       7
       2
       4
       5
       4
       7
      10
       3
       5
       7
       5
       9
       2
       3
       4
       5
       2
       5
       6
       6
       3
       6
       4
       4
       3
       4
      11
       5
      13
       9
       9
       3
       4
       5
       5
       6
       3
       7
       7
       6
       5
       4
       4
       4
       9
       7
       2
       6
       4
       8
       6
       1
       1
       7
       2
       3
       6
       7
       2
       1
       3
       2
       4
       4
       3
       4
       5
       4
       3
       2
       3
       3
       3
       6
       6
       3
       3
       4
       7
       4
       4
       2
       5
       4
       5
       7
       4
       4
       4
       0
       2
       1
       4
       8
       6
       6
       2
       0
       7
       0
       7
       2
       4
       2
       3
       3
       3
       4
       1
       0
       1
       3
       3
       1
       7
       4
       1
       2
       4
       0
       5
       2
       4
       5
       4
       7
       9
       2
       6
       1
       3
       1
       2
       4
       5
       3
       0
       6
       1
       3
       4
       4
       2
       2
       6
       3
       2
       3
       2
       3
       1
       5
       2
       1
       3
       3
       3
       4
       1
       6
       2
       4
       5
       1
       3
       3
       4
       4
       1
       4
       2
       4
       0
       7
       2
       5
       2
       8
       4
       1
       2
       2
       3
       2
       2
       3
       4
       4
       6
       4
       1
       3
       4
       2
       4
       0
       0
       1
       1
       1
       5
       2
       3
       5
       2
       2
       2
       3
       5
       3
       4
       6
       3
       3
       4
       5
       6
       3
       5
       1
       3
       2
       1
       2
       4
       2
       1
       2
       1
       3
       3
       4
       1
       2
       4
       2
       1
       1
       2
       1
       3
       8
       3
       3
       2
       3
       0
       1
       2
       6
       1
       6
       0
       3
       5
       1
       2
       4
       4
       1
       1
       1
       3
       2
       1
       1
       2
       1
       0
       2
       1
       3
       4
       2
       3
       0
       3
       2
       1
       1
       2
       8
       0
       1
       4
       2
       5
       2
       0
       1
       1
       2
       1
       3
       1
       2
       2
       1
       0
       2
       3
       2
       0
       1
       1
       2
       0
       1
       0
       1
       2
       3
       0
       0
       0
       0
       1
       1
       2
       0
       3
       2
       1
       0
       2
       0
       3
       3
       2
       1
       2
       1
       3
       3
       0
       2
       0
       2
       2
       0
       2
       0
       2
       1
       2
       5
       2
       0
       3
       0
       2
       1
       1
       2
       2
       2
       0
       1
       2
       0
       1
       0
       0
       3
       0
       1
       2
       0
       1
       1
       2
       0
       1
       4
       3
       1
       1
       1
       1
       2
       0
       2
       0
       2
       1
       1
       1
       1
       0
       1
       0
       2
       1
       0
       1
       0
       0
       0
       3
       1
       2
       0
       0
       1
       0
       0
       1
       1
       3
       0
       0
       1
       1
       0
       0
       1
       1
       2
       1
       0
       0
       0
       0
       0
       0
       0
       0
       0
       0
       0
       0
       1
       0
       0
       0
       1
       0
       1
       0
       1
       0
       1
       0
       0
       1
       0
       1
       0
       0
       0
       0
       0
       0
       0
       0
       0
       0
       0
       0
       3
       0
       0
       0
       0
       1
       0
       0
       1
       1
       0
       1
       0
       0
       0
       0
       1
       0
       0
       0
       2
       1
       1
       0
       0
       0
       1
       0
       0
       0
       0
       0
       0
       0
       0
       1
       0
       0
       0
       0
       0
       0
       1
       0
       1
       0
       0
       0
       0
       1
       0
       0
       0
       0
       0
       0
       0
       0
       0
       0
       0
       0
       1
       0
       0
       1
       0
       0
       0
       0
       0
       0
       2
       0
       0
       1
       0
       0
       0
       0
       1
       0
       0
       0
       0
       1
       0
       1
       0
       1
       0
       0
       0
       0
       0
       0
       0
       0
       0
       1
       0
       0
       0
       0
       0
       0
       0
       0
       1
       0
       0
       0
       0
       0
       0
       0
       0
       0
       0
       0
       0
       0
       0
       0
       0
       0
       1
       0
       0
       0
       2
       0
       1
       1
       0
       0
       0
       0
       0
       0
       0
       0
       0
       0
       1
       0
       0
       0
       0
       0
       0
       1
       0
       2
       0
       0
       0
       0
       0
       0
       0
       0
       0
       0
       0
       0
       0
       0
       0
       0
       0
       0
       0
       0
       0
       0
       0
       0
       0
       0
       0
       0
       0
       0
       0
       0
       0
       0
$ROI:
0
$PRESETS:
None
0
0
$ENER_FIT:
-38.509857 3.016307
$MCA_CAL:
3
-3.850986E+001 3.016307E+000 0.000000E+000 keV
$SHAPE_CAL:
3
3.205000E+000 4.421812E-002 0.000000E+000
