$SPEC_ID:
No sample description was entered.
$SPEC_REM:
DET# 1
DETDESC# Easy-MCA 2k Ser:112316
AP# Maestro Version 7.01
$DATE_MEA:
04/27/2022 10:59:26
$MEAS_TIM:
1985 2039
$DATA:
0 2047
       0
       0
       0
       0
       0
       0
       0
       0
       0
       0
       0
       0
       0
       2
      86
    3450
    5010
    5007
    4923
    4730
    4739
    4691
    4608
    4862
    4784
    5088
    5657
    6876
    8241
    8932
    8307
    7440
    6805
    6579
    6343
    5709
    5280
    5264
    5153
    5351
    5386
    5491
    5621
    5549
    5772
    5985
    6050
    6335
    6241
    6404
    6481
    6648
    6525
    6844
    6788
    7008
    7044
    7080
    7127
    7197
    7346
    7119
    7236
    7350
    7504
    7532
    7308
    7650
    7618
    7642
    7722
    7856
    7824
    7982
    8126
    8372
    8673
    9095
    9298
    9498
    9696
    9845
   10005
    9972
   10038
    9922
    9899
    9991
    9946
    9932
    9841
    9510
    9612
    9505
    9667
    9589
    9314
    9210
    9147
    9286
    9101
    8856
    8810
    8972
    8656
    8576
    8458
    8404
    8516
    8379
    8379
    8319
    8222
    8200
    7881
    7805
    7695
    7636
    7388
    7659
    7476
    7414
    7207
    7287
    7276
    7043
    6990
    7073
    6811
    6784
    6784
    6669
    6802
    6684
    6544
    6345
    6421
    6323
    6256
    6216
    6045
    6079
    6058
    6220
    6002
    5880
    5928
    5903
    5675
    5738
    5653
    5553
    5732
    5580
    5482
    5514
    5379
    5444
    5265
    5198
    5328
    5172
    5092
    5280
    5246
    5169
    5018
    5145
    4985
    5084
    5024
    5045
    5089
    5043
    5112
    5071
    5039
    4996
    5074
    5133
    5154
    4884
    5006
    4794
    4802
    4815
    4802
    4737
    4708
    4745
    4530
    4605
    4419
    4482
    4530
    4330
    4382
    4308
    4406
    4321
    4341
    4248
    4438
    4293
    4313
    4189
    4264
    4316
    4270
    4103
    4264
    4233
    4351
    4134
    4190
    4160
    4232
    4321
    4185
    4134
    4154
    4302
    4234
    4167
    4107
    4141
    4249
    4224
    4256
    4251
    4154
    4284
    4011
    4221
    4212
    4244
    4220
    4204
    4178
    4130
    4297
    4134
    4175
    4060
    4199
    4103
    4194
    4077
    4056
    4172
    4210
    4113
    4134
    4235
    4262
    4222
    4118
    4241
    4333
    4287
    4302
    4225
    4201
    4262
    4192
    4264
    4443
    4258
    4196
    4270
    4480
    4314
    4311
    4261
    4247
    4407
    4384
    4469
    4412
    4374
    4522
    4651
    4656
    4567
    4519
    4588
    4685
    4730
    4604
    4709
    4799
    4671
    4795
    4761
    4867
    4715
    4772
    4786
    4873
    4798
    4809
    4698
    4839
    4856
    5003
    4870
    4880
    4930
    4967
    4988
    5017
    4923
    5023
    4885
    4943
    5026
    5070
    4968
    4945
    4876
    4878
    4718
    4580
    4460
    4564
    4400
    4247
    4273
    4147
    4072
    4159
    3786
    3932
    3835
    3752
    3711
    3571
    3495
    3537
    3536
    3509
    3389
    3476
    3270
    3314
    3300
    3251
    3332
    3280
    3243
    3279
    3275
    3216
    3248
    3149
    3047
    3112
    3171
    3124
    3012
    3147
    3164
    3114
    3186
    3161
    3231
    3168
    3060
    3108
    3026
    3147
    3088
    3118
    3013
    3074
    3150
    3238
    3361
    3339
    3518
    3818
    4075
    4197
    4575
    5119
    5540
    6110
    6866
    7609
    8247
    9149
   10379
   10768
   11728
   12684
   13770
   14427
   15051
   15934
   16553
   16648
   17151
   16982
   16863
   16455
   15956
   15323
   14808
   13601
   12632
   11638
   10424
    9477
    8454
    7312
    6433
    5713
    4939
    4029
    3458
    3073
    2684
    2220
    2082
    1851
    1765
    1605
    1626
    1700
    1716
    1853
    2085
    2209
    2510
    2874
    3295
    3677
    4072
    4584
    5187
    5925
    6320
    7083
    7823
    8756
    9245
   10259
   10947
   11527
   12241
   12512
   12908
   13355
   13624
   13548
   13727
   13539
   13184
   12675
   12130
   11622
   10953
   10103
    9391
    8668
    7782
    7102
    6231
    5428
    4725
    4012
    3446
    3011
    2452
    2140
    1770
    1487
    1265
    1024
     901
     704
     590
     505
     422
     387
     376
     377
     293
     270
     279
     257
     229
     265
     268
     235
     244
     248
     219
     238
     227
     211
     215
     219
     236
     205
     188
     223
     198
     189
     184
     190
     222
     208
     189
     227
     217
     167
     183
     198
     199
     185
     202
     201
     181
     186
     181
     185
     190
     205
     180
     200
     167
     199
     206
     178
     167
     187
     161
     176
     167
     182
     177
     164
     158
     201
     167
     174
     154
     162
     181
     169
     161
     163
     168
     162
     177
     178
     187
     159
     158
     155
     173
     160
     152
     164
     165
     176
     159
     167
     142
     146
     150
     145
     169
     154
     124
     129
     151
     150
     139
     140
     150
     145
     127
     130
     157
     140
     136
     113
     146
     114
     130
     111
     106
     129
     122
     150
     126
     125
     136
     134
     134
     125
     115
     121
     139
     126
     124
     124
     111
     125
     113
     103
     104
     122
     113
     123
     114
     108
      96
     118
     113
     125
     127
     121
     100
     105
     118
     106
     103
     100
     111
     106
     119
     125
     104
     106
     110
     100
     117
      88
     111
     109
     114
      98
      87
      88
      96
     109
     114
      97
     112
      98
      88
      79
      89
      92
     102
     103
      88
      76
      90
      96
     104
      80
      84
      66
      74
      79
      90
      93
      82
     111
      97
      99
      90
      92
      98
      88
      76
      88
      95
      97
      85
      83
      87
      94
      90
      73
      96
      73
      71
      92
      92
     106
      84
      95
      77
      97
      79
      83
      82
      72
      85
      73
      77
      81
      75
     108
      88
      75
      96
      86
      71
      65
      90
      78
      65
      78
      67
      73
      79
      93
      85
      71
      94
      69
      83
      78
      81
      72
      72
      88
      90
      71
      75
      95
      66
      94
     102
      86
      84
      78
     109
      84
     102
      72
      77
      83
      85
      76
      73
      76
      70
      83
      89
      77
      78
      89
      87
      90
      79
      80
      84
      75
      80
      68
      70
      65
      94
      84
      76
      72
      70
      58
      65
      64
      77
      64
      71
      51
      45
      55
      46
      46
      52
      45
      49
      50
      37
      33
      33
      42
      32
      45
      20
      35
      39
      33
      28
      39
      34
      34
      38
      27
      28
      41
      27
      31
      30
      31
      23
      24
      26
      33
      26
      32
      33
      24
      25
      36
      30
      39
      44
      31
      37
      49
      56
      65
      73
      66
      91
      75
      77
      88
      96
     116
     111
     116
     105
     128
     117
     122
     130
     116
     127
     153
     124
     157
     166
     158
     139
     153
     149
     142
     147
     124
     132
     130
     125
     105
     112
     100
      98
      92
      83
      72
      66
      64
      68
      63
      42
      38
      28
      34
      40
      24
      22
      13
      19
      25
      10
      12
      13
      12
       9
      13
      12
       8
       5
       6
       9
       4
       9
       3
       6
       5
       5
       4
       8
       3
       4
       3
       3
       4
       3
       5
       4
       3
       4
       1
       3
       5
       4
       5
       4
       3
       3
       0
       4
       2
       4
       2
       4
       3
       2
       3
       1
       5
       0
       2
       3
       0
       3
       5
       0
       4
       0
       4
       1
       2
       1
       2
       1
       0
       1
       3
       0
       2
       2
       0
       1
       4
       3
       0
       0
       0
       3
       0
       3
       1
       2
       1
       1
       1
       1
       2
       1
       0
       0
       2
       1
       1
       1
       3
       4
       1
       3
       3
       2
       3
       3
       1
       1
       0
       2
       1
       1
       3
       1
       0
       0
       0
       0
       3
       2
       1
       4
       1
       1
       1
       1
       1
       1
       1
       5
       0
       2
       1
       2
       3
       2
       1
       0
       1
       3
       0
       1
       6
       0
       1
       1
       1
       1
       2
       0
       0
       1
       0
       0
       0
       1
       1
       1
       1
       2
       1
       1
       1
       1
       0
       2
       1
       3
       0
       2
       1
       0
       1
       0
       0
       1
       2
       5
       1
       2
       0
       1
       2
       1
       0
       0
       0
       0
       0
       2
       1
       0
       1
       0
       1
       2
       0
       1
       0
       0
       0
       2
       0
       1
       0
       1
       1
       0
       1
       1
       0
       0
       1
       1
       0
       1
       0
       0
       0
       3
       0
       2
       1
       0
       2
       0
       0
       0
       0
       0
       1
       0
       0
       0
       1
       0
       0
       1
       1
       0
       1
       1
       0
       2
       1
       1
       1
       0
       4
       3
       3
       1
       1
       0
       1
       1
       1
       1
       3
       1
       0
       0
       0
       0
       1
       2
       0
       2
       0
       0
       0
       2
       0
       1
       0
       0
       2
       1
       1
       0
       0
       0
       0
       1
       0
       1
       0
       1
       0
       1
       0
       1
       1
       1
       1
       0
       0
       0
       0
       0
       0
       0
       4
       1
       0
       1
       1
       3
       1
       1
       0
       3
       2
       2
       0
       1
       0
       0
       1
       0
       0
       2
       1
       0
       2
       0
       0
       2
       0
       0
       0
       0
       0
       0
       0
       2
       1
       0
       0
       0
       0
       0
       0
       2
       0
       2
       0
       1
       2
       0
       2
       0
       0
       0
       1
       0
       1
       0
       1
       3
       0
       1
       1
       1
       0
       0
       0
       1
       0
       0
       0
       0
       0
       0
       0
       0
       1
       1
       1
       0
       0
       0
       1
       0
       0
       1
       2
       1
       0
       0
       0
       0
       1
       1
       1
       0
       0
       0
       0
       0
       0
       2
       0
       1
       2
       0
       1
       1
       0
       0
       2
       0
       0
       1
       0
       0
       0
       0
       0
       0
       0
       0
       0
       1
       0
       1
       0
       1
       0
       1
       0
       0
       0
       0
       0
       1
       0
       0
       0
       0
       1
       2
       0
       0
       0
       1
       1
       1
       0
       0
       0
       0
       1
       0
       1
       0
       0
       2
       0
       0
       0
       0
       0
       0
       0
       1
       0
       0
       0
       0
       1
       0
       1
       0
       0
       2
       1
       1
       0
       0
       1
       0
       0
       1
       0
       0
       0
       0
       1
       0
       1
       0
       0
       0
       0
       0
       1
       0
       0
       1
       1
       0
       0
       0
       2
       0
       0
       0
       0
       0
       1
       0
       0
       0
       1
       0
       0
       0
       0
       0
       0
       1
       1
       1
       0
       0
       0
       0
       0
       0
       0
       1
       0
       0
       0
       0
       1
       0
       0
       0
       1
       0
       0
       0
       0
       0
       0
       0
       0
       0
       0
       0
       1
       0
       1
       0
       1
       0
       0
       0
       0
       0
       0
       0
       1
       0
       1
       1
       1
       0
       1
       0
       0
       0
       0
       0
       0
       0
       0
       1
       0
       0
       0
       0
       0
       1
       1
       0
       1
       1
       0
       0
       0
       0
       0
       1
       0
       1
       1
       0
       1
       0
       0
       0
       0
       0
       1
       0
       0
       0
       0
       0
       0
       0
       0
       0
       0
       0
       0
       0
       0
       0
       0
       1
       1
       0
       0
       0
       0
       1
       1
       0
       0
       0
       0
       0
       1
       1
       0
       0
       1
       1
       0
       0
       0
       2
       0
       0
       0
       1
       0
       0
       0
       1
       0
       0
       1
       0
       0
       0
       1
       0
       0
       1
       0
       2
       0
       1
       0
       0
       0
       0
       0
       0
       0
       0
       0
       0
       0
       0
       0
       2
       0
       0
       1
       0
       0
       0
       0
       0
       2
       0
       1
       0
       0
       1
       1
       1
       0
       0
       0
       0
       0
       0
       0
       0
       0
       0
       0
       0
       1
       0
       0
       1
       0
       1
       0
       0
       0
       0
       0
       1
       1
       0
       0
       0
       1
       1
       0
       0
       1
       0
       0
       0
       0
       0
       0
       2
       0
       1
       0
       0
       0
       0
       0
       0
       0
       0
       0
       0
       0
       0
       0
       0
       0
       0
       0
       0
       0
       0
       0
       0
       0
       0
       0
       0
       1
       0
       0
       1
       1
       0
       0
       1
       0
       0
       0
       0
       0
       1
       0
       1
       0
       0
       0
       0
       0
       0
       0
       0
       2
       1
       0
       0
       0
       0
       0
       0
       0
       0
       0
       0
       0
       0
       1
       0
       0
       0
       0
       0
       0
       0
       0
       0
       0
       0
       1
       0
       0
       0
       1
       0
       0
       0
       0
       0
       0
       0
       0
       1
       1
       0
       0
       1
       0
       0
       0
       0
       0
       0
       0
       0
       0
       0
       0
       1
       0
       0
       0
       1
       0
       1
       0
       0
       0
       0
       1
       0
       0
       1
       0
       0
       0
       2
       1
       1
       0
       0
       0
       0
       0
       1
       0
       0
       0
       0
       0
       1
       0
       0
       0
       0
       0
       0
       0
       0
       0
       0
       0
       0
       1
       0
       0
       0
       0
       0
       0
       0
       1
       0
       0
       0
       0
       0
       0
       0
       0
       0
       0
       0
       0
       0
       1
       0
       0
       0
       0
       0
       0
       1
       0
       0
       0
       0
       1
       0
       0
       0
       0
       0
       0
       0
       1
       0
       0
       1
       0
       0
       1
       0
       0
       0
       0
       0
       1
       1
       0
       0
       0
       0
       0
       0
       0
       0
       0
       1
       0
       0
       0
       0
       0
       0
       0
       0
       0
       0
       0
       1
       0
       0
       0
       0
       0
       0
       0
       1
       0
       0
       0
       0
       0
       0
       1
       0
       0
       0
       0
       0
       0
       0
       0
       0
       0
       0
       0
       0
       0
       0
       1
       0
       0
       1
       0
       0
       0
       2
       0
       0
       0
       0
       0
       0
       0
       0
       1
       0
       0
       0
       0
       0
       0
       0
       0
       1
       0
       0
       0
       1
       0
       0
       1
       0
       0
       0
       0
       0
       2
       0
       0
       0
       0
       0
       1
       0
       1
       0
       0
       0
       0
       0
       0
       0
       1
       0
       0
       0
       1
       0
       2
       0
       0
       1
       0
       0
       0
       0
       0
       0
       0
       1
       0
       0
       0
       0
       0
       0
       0
       0
       0
       0
       0
       0
       0
       3
       0
       0
       0
       0
       0
       0
       1
       0
       0
       0
       0
       0
       0
       0
       0
       0
       0
       0
       1
       0
       1
       0
       1
       1
       0
       0
       1
       1
       0
       0
       0
       0
       1
       0
       0
       0
       1
       1
       0
       0
       0
       0
       0
       0
       0
       0
       0
       0
       0
       0
       0
       0
       1
       1
       0
       0
       0
       0
       0
       0
       0
       0
       0
       0
       0
       0
       0
       0
       0
       0
       0
       0
       0
       0
       0
       0
       0
       0
       0
       0
       0
       0
       0
       0
       0
       0
       0
       0
$ROI:
2
378 423
427 483
$PRESETS:
None
0
0
$ENER_FIT:
-38.509857 3.016307
$MCA_CAL:
3
-3.850986E+001 3.016307E+000 0.000000E+000 keV
$SHAPE_CAL:
3
3.205000E+000 4.421812E-002 0.000000E+000
