$SPEC_ID:
No sample description was entered.
$SPEC_REM:
DET# 1
DETDESC# Easy-MCA 2k Ser:112316
AP# Maestro Version 7.01
$DATE_MEA:
04/27/2022 11:39:29
$MEAS_TIM:
773 959
$DATA:
0 2047
       0
       0
       0
       0
       0
       0
       0
       0
       0
       0
       0
       0
       0
       5
    1509
   51342
   44926
   30494
   25790
   24621
   24369
   24443
   25545
   26235
   26784
   27676
   29107
   31336
   34722
   37932
   38570
   37513
   33999
   30945
   29608
   28094
   26460
   24767
   24393
   23967
   24580
   24486
   25087
   25407
   25879
   26037
   27004
   27392
   27711
   28291
   28380
   29056
   29231
   29587
   30015
   30269
   30637
   31263
   31153
   32096
   32346
   32977
   33752
   34312
   35147
   36201
   36928
   37846
   39409
   40364
   41809
   42411
   43353
   43654
   44295
   44422
   44737
   44551
   44492
   44137
   43955
   43630
   43423
   43076
   42586
   42609
   42119
   42371
   41721
   41265
   40505
   40342
   40206
   39717
   39476
   39148
   38763
   38199
   37932
   37484
   37016
   36954
   36749
   35946
   36108
   35787
   35234
   35427
   34998
   34500
   34358
   33908
   33730
   33510
   33043
   33007
   32765
   32514
   31924
   32047
   31568
   31550
   31382
   31273
   30759
   31059
   30748
   30591
   30434
   30343
   29749
   29772
   29802
   29543
   29510
   29336
   29568
   29158
   28957
   29172
   29052
   28897
   28717
   28860
   28699
   28856
   29196
   28859
   28773
   28562
   28549
   28465
   28382
   28726
   28637
   28120
   28205
   27306
   27097
   26854
   26448
   25674
   25031
   24189
   23312
   22231
   20889
   20127
   18813
   17817
   16424
   15716
   14860
   14091
   13167
   12673
   12074
   11326
   10931
   10584
   10259
    9672
    9503
    9270
    8726
    8420
    8448
    7806
    7805
    7487
    7391
    7086
    6869
    6806
    6653
    6366
    6285
    6231
    6136
    6020
    5939
    5829
    5997
    6005
    6165
    6334
    6524
    7090
    7508
    8190
    9188
   10366
   12009
   13886
   16146
   18979
   22696
   27006
   32243
   38448
   45629
   54115
   63652
   73841
   85831
   98770
  111560
  124811
  138652
  151899
  163746
  173716
  182021
  187608
  190489
  190238
  186322
  179929
  169210
  157036
  143533
  128155
  111683
   95835
   80613
   66219
   53960
   43308
   33794
   26425
   20730
   16248
   12730
   10089
    8228
    6886
    6009
    5069
    4840
    4494
    4203
    4105
    4022
    3829
    3844
    3658
    3632
    3729
    3589
    3462
    3405
    3424
    3376
    3296
    3294
    3238
    3211
    3197
    3061
    3017
    3140
    3107
    3075
    3150
    3060
    3068
    3081
    3091
    3027
    3041
    3047
    3113
    3038
    3069
    3135
    3039
    3134
    3036
    3080
    3010
    3042
    3077
    2873
    3033
    2948
    2909
    2872
    2792
    2851
    2849
    2856
    2756
    2808
    2657
    2693
    2617
    2659
    2508
    2560
    2481
    2489
    2360
    2457
    2444
    2320
    2434
    2213
    2297
    2317
    2186
    2262
    2097
    2129
    2143
    2105
    2068
    2045
    2074
    1982
    1903
    1889
    1898
    1915
    1844
    1867
    1866
    1787
    1805
    1726
    1797
    1754
    1708
    1764
    1726
    1662
    1653
    1676
    1603
    1583
    1579
    1602
    1507
    1493
    1537
    1512
    1499
    1485
    1447
    1460
    1415
    1408
    1437
    1436
    1394
    1303
    1393
    1319
    1384
    1286
    1359
    1291
    1285
    1295
    1277
    1209
    1161
    1221
    1179
    1184
    1126
    1108
    1076
    1083
    1062
    1075
    1085
    1057
    1038
     998
    1017
     936
     948
    1036
     915
     919
     875
     913
     874
     917
     854
     889
     876
     868
     795
     879
     834
     886
     817
     855
     875
     807
     812
     799
     819
     780
     820
     876
     797
     808
     805
     876
     852
     803
     917
     841
     889
     921
     865
     875
     896
     917
     963
     880
     958
    1018
     996
    1043
    1064
    1054
    1102
    1070
    1132
    1168
    1159
    1224
    1247
    1229
    1253
    1279
    1213
    1258
    1319
    1222
    1288
    1156
    1219
    1198
    1138
    1088
    1010
    1006
     994
     921
     886
     824
     708
     673
     625
     514
     524
     445
     377
     337
     297
     272
     235
     239
     211
     195
     179
     124
     113
     129
     107
     113
     119
     121
      88
      99
      76
      85
     100
      91
      88
      99
      59
      80
      82
      86
      80
      79
      72
      72
      74
      80
      71
      68
      63
      54
      53
      58
      75
      80
      65
      50
      71
      56
      59
      57
      57
      63
      67
      55
      54
      61
      50
      57
      48
      52
      38
      54
      40
      50
      52
      49
      45
      57
      38
      44
      40
      51
      36
      47
      45
      44
      45
      37
      48
      22
      40
      34
      35
      38
      40
      40
      36
      40
      33
      39
      37
      37
      28
      36
      28
      23
      24
      26
      28
      24
      27
      22
      28
      30
      35
      19
      25
      36
      36
      23
      29
      16
      28
      28
      22
      21
      23
      26
      19
      23
      25
      29
      28
      22
      17
      35
      24
      27
      14
      12
      23
      15
      13
      13
      21
      17
      20
      24
      11
      12
      20
      16
      20
      18
      18
      21
      22
      16
      21
      16
      11
      19
       8
      13
       9
      10
      11
       8
      17
       7
      16
      12
      13
       7
      16
      12
       6
       9
      12
      15
       6
      14
       7
      14
      10
       7
      15
       6
      13
      11
       9
       9
       7
       8
      10
       7
      12
       8
      14
      12
       7
       3
      10
      11
      15
       9
      16
       4
      12
       8
      16
      12
      10
       8
      11
      14
      11
      13
       6
      13
       6
       4
       7
       5
       6
       5
       9
      13
       4
       7
       6
       5
       7
       4
       6
       9
       3
       4
       5
       5
       1
       7
       3
       6
       3
       0
       3
       1
       6
       1
       3
       2
       5
       3
       2
       6
       0
       1
       3
       4
       1
       2
       2
       4
       0
       2
       2
       3
       4
       3
       2
       1
       0
       0
       0
       1
       2
       2
       1
       2
       3
       1
       4
       4
       1
       2
       2
       2
       1
       2
       1
       3
       1
       0
       1
       2
       0
       1
       2
       4
       3
       0
       2
       4
       1
       1
       1
       2
       1
       1
       5
       0
       2
       0
       1
       0
       2
       1
       2
       0
       1
       0
       1
       1
       0
       0
       0
       1
       0
       0
       1
       2
       1
       1
       0
       1
       2
       1
       0
       1
       1
       0
       0
       1
       1
       1
       2
       0
       1
       0
       0
       0
       0
       1
       0
       1
       0
       1
       1
       2
       2
       0
       2
       0
       1
       0
       0
       0
       0
       2
       3
       1
       0
       1
       1
       0
       0
       0
       0
       2
       1
       1
       1
       0
       1
       1
       1
       1
       0
       1
       0
       0
       0
       0
       1
       2
       0
       2
       2
       0
       1
       0
       0
       0
       2
       1
       2
       0
       2
       1
       0
       1
       3
       1
       0
       3
       1
       1
       2
       0
       2
       1
       1
       1
       0
       0
       2
       0
       0
       0
       0
       0
       0
       0
       0
       0
       2
       1
       1
       1
       1
       0
       0
       0
       2
       1
       0
       1
       2
       1
       0
       1
       0
       1
       0
       0
       0
       0
       0
       0
       0
       1
       1
       0
       0
       0
       0
       0
       2
       0
       1
       0
       1
       0
       0
       0
       1
       0
       1
       0
       1
       1
       0
       0
       2
       0
       1
       0
       0
       0
       0
       1
       0
       0
       0
       0
       0
       2
       0
       0
       0
       0
       0
       0
       1
       2
       0
       0
       0
       0
       0
       1
       1
       1
       1
       0
       1
       0
       0
       0
       0
       1
       1
       0
       0
       2
       0
       0
       2
       0
       0
       0
       0
       0
       0
       0
       0
       0
       0
       0
       0
       1
       0
       0
       0
       0
       1
       0
       0
       0
       0
       0
       0
       0
       0
       0
       0
       0
       0
       0
       0
       0
       0
       0
       0
       1
       0
       0
       0
       0
       0
       1
       2
       0
       0
       0
       0
       2
       0
       1
       1
       0
       1
       1
       1
       0
       0
       0
       0
       0
       0
       0
       0
       0
       0
       1
       0
       0
       1
       1
       0
       0
       0
       0
       1
       0
       0
       0
       1
       0
       0
       0
       0
       1
       0
       0
       1
       1
       0
       0
       0
       0
       0
       1
       1
       0
       0
       0
       0
       0
       0
       0
       1
       0
       0
       0
       1
       0
       0
       0
       0
       0
       0
       0
       0
       0
       0
       0
       0
       1
       0
       0
       0
       0
       0
       0
       0
       1
       0
       0
       1
       1
       0
       0
       0
       0
       0
       0
       0
       0
       0
       0
       0
       3
       0
       0
       0
       0
       0
       1
       0
       0
       0
       0
       0
       0
       0
       0
       2
       0
       0
       0
       1
       0
       0
       1
       0
       1
       1
       0
       1
       0
       1
       0
       0
       0
       0
       0
       0
       0
       1
       1
       0
       0
       0
       0
       0
       0
       0
       0
       0
       0
       0
       0
       0
       0
       0
       0
       0
       0
       0
       0
       0
       0
       0
       1
       0
       0
       0
       0
       0
       1
       0
       0
       0
       0
       0
       1
       0
       0
       0
       0
       0
       0
       0
       1
       1
       1
       0
       2
       0
       1
       0
       0
       0
       0
       0
       0
       0
       0
       0
       0
       0
       0
       1
       0
       0
       0
       1
       0
       0
       0
       0
       1
       0
       0
       0
       0
       0
       0
       0
       0
       0
       0
       0
       0
       0
       0
       0
       0
       0
       0
       0
       0
       0
       0
       0
       0
       1
       0
       0
       0
       1
       0
       0
       0
       0
       0
       0
       1
       0
       1
       0
       0
       0
       1
       1
       0
       0
       0
       0
       0
       0
       0
       0
       0
       0
       0
       0
       1
       1
       0
       1
       1
       0
       0
       0
       0
       0
       0
       0
       0
       0
       0
       0
       0
       0
       0
       1
       1
       0
       0
       0
       0
       1
       0
       0
       0
       0
       0
       0
       0
       0
       0
       0
       0
       1
       0
       0
       0
       0
       0
       0
       0
       0
       0
       0
       0
       0
       0
       0
       0
       1
       0
       0
       0
       0
       0
       0
       0
       1
       0
       0
       1
       0
       0
       0
       0
       0
       1
       0
       0
       0
       0
       1
       0
       0
       0
       0
       0
       0
       0
       0
       0
       0
       0
       1
       0
       1
       0
       0
       1
       0
       0
       0
       1
       0
       0
       0
       0
       0
       0
       0
       0
       0
       0
       0
       0
       0
       0
       0
       1
       0
       0
       0
       0
       0
       0
       0
       0
       0
       0
       0
       0
       0
       0
       0
       0
       0
       0
       0
       0
       1
       0
       0
       1
       0
       0
       0
       0
       0
       0
       0
       0
       0
       0
       0
       0
       1
       0
       0
       0
       0
       0
       0
       0
       0
       0
       0
       1
       0
       1
       0
       0
       0
       0
       0
       0
       0
       0
       0
       0
       1
       0
       0
       0
       0
       0
       0
       1
       1
       0
       0
       0
       0
       0
       0
       0
       0
       0
       1
       1
       0
       0
       0
       0
       0
       0
       0
       0
       0
       0
       0
       0
       0
       0
       1
       0
       0
       0
       0
       1
       0
       0
       0
       0
       0
       0
       0
       0
       0
       1
       0
       1
       0
       0
       0
       0
       0
       0
       0
       0
       0
       1
       0
       0
       0
       1
       0
       0
       1
       0
       1
       0
       0
       0
       1
       0
       0
       0
       0
       0
       0
       0
       0
       1
       0
       0
       0
       0
       0
       0
       0
       0
       0
       0
       1
       0
       0
       0
       0
       1
       0
       1
       0
       0
       0
       0
       2
       0
       0
       0
       0
       0
       0
       0
       0
       0
       0
       0
       0
       0
       0
       0
       0
       1
       0
       0
       0
       0
       1
       0
       2
       0
       1
       1
       0
       0
       0
       0
       0
       0
       1
       0
       0
       0
       0
       0
       0
       0
       0
       1
       0
       0
       0
       0
       0
       0
       1
       0
       0
       0
       0
       0
       0
       0
       0
       0
       0
       0
       0
       0
       0
       0
       0
       0
       1
       0
       0
       0
       0
       0
       0
       0
       0
       0
       0
       0
       0
       0
       0
       0
       0
       0
       1
       0
       0
       0
       0
       0
       0
       0
       0
       0
       0
       0
       0
       0
       0
       1
       1
       0
       0
       0
       1
       1
       0
       0
       0
       0
       0
       0
       0
       0
       0
       0
       0
       0
       0
       1
       0
       0
       0
       0
       0
       0
       0
       0
       0
       1
       0
       0
       0
       1
       2
       0
       0
       0
       1
       0
       0
       1
       0
       0
       1
       0
       0
       0
       0
       0
       0
       0
       0
       0
       0
       1
       0
       1
       0
       0
       0
       1
       0
       0
       0
       0
       0
       0
       0
       0
       0
       0
       0
       0
       0
       0
       0
       0
       0
       0
       0
       0
       0
       0
       0
       0
       0
       0
       0
       0
       0
       0
       0
       0
       0
       0
       0
       0
       0
       0
       0
       0
       0
       0
       0
       0
       0
       1
       0
       1
       0
       0
       0
       0
       0
       0
       0
       0
       0
       0
       0
       0
       0
       0
       0
       0
       0
       0
       1
       0
       0
       0
       0
       0
       0
       0
       0
       0
       0
       0
       0
       0
       0
       0
       0
       1
       0
       0
       0
       0
       0
       0
       0
       0
       0
       0
       0
       0
       0
       0
       2
       0
       0
       0
       0
       0
       1
       0
       0
       0
       0
       0
       0
       0
       1
       0
       0
       0
       0
       0
       0
       1
       0
       0
       0
       0
       0
       0
       0
       0
       0
       0
       0
       0
       0
       0
       0
       0
       0
       0
       0
       0
       0
       0
       0
       0
       0
       0
       0
       2
       0
       0
       0
       0
       0
       0
       0
       0
       1
       0
       0
       0
       0
       0
       0
       0
       0
       0
       0
       0
       0
       0
       0
       0
       0
       0
       0
       0
       0
       0
       0
       0
       0
       0
       0
       1
       0
       0
       0
       0
       0
       0
       0
       0
       0
       0
       0
       2
       0
       0
       0
       0
       0
       0
       0
       0
       0
       0
       0
       0
       0
       0
       0
       0
       0
       0
       1
       1
       1
       0
       0
       0
       0
       0
       0
       1
       0
       0
       0
       0
       0
       0
       0
       0
       0
       0
       0
       1
       1
       0
       0
       0
       0
       0
       0
       0
       0
       1
       0
       0
       0
       1
       0
       0
       0
       0
       0
       0
       0
       0
       0
       0
       0
       0
       1
       0
       0
       0
       0
       0
       0
       0
       0
       0
       0
       0
       0
       0
       0
       0
       0
       0
       0
       0
       0
       0
       0
       0
       0
       0
       0
       0
       0
       0
       0
       0
       0
       0
       0
$ROI:
0
$PRESETS:
None
0
0
$ENER_FIT:
-38.509857 3.016307
$MCA_CAL:
3
-3.850986E+001 3.016307E+000 0.000000E+000 keV
$SHAPE_CAL:
3
3.205000E+000 4.421812E-002 0.000000E+000
