$SPEC_ID:
No sample description was entered.
$SPEC_REM:
DET# 1
DETDESC# Easy-MCA 2k Ser:112316
AP# Maestro Version 7.01
$DATE_MEA:
04/27/2022 11:49:24
$MEAS_TIM:
6386 8896
$DATA:
0 2047
       0
       0
       0
       0
       0
       0
       0
       0
       0
       0
       0
       0
      13
    8459
   27561
  441722
  190540
   94333
   63238
   56266
   55308
   56654
   57440
   57783
   58386
   59051
   59292
   59809
   60131
   60875
   62478
   62965
   64846
   66440
   67723
   69484
   70672
   72227
   73180
   75151
   76930
   78001
   80633
   81831
   83684
   85009
   86798
   89439
   91108
   92866
   95219
   97234
   99135
  102204
  104300
  107096
  109531
  112914
  116619
  119332
  124078
  128201
  133810
  139937
  145985
  151931
  158505
  165182
  170555
  174323
  178142
  177915
  178264
  174265
  168220
  160669
  151413
  141478
  129395
  118434
  107284
   97159
   87769
   78786
   72420
   65594
   60827
   56263
   52566
   49921
   47782
   45922
   44528
   43659
   43198
   42071
   42218
   41705
   41456
   41923
   41390
   42057
   41481
   41830
   41649
   41835
   41583
   41887
   42192
   42436
   42258
   42945
   42973
   42914
   43596
   43878
   43918
   44140
   44673
   44820
   45536
   45589
   45998
   46317
   46505
   46933
   47363
   47762
   48412
   48608
   48927
   49135
   49675
   50392
   51084
   51034
   51589
   52307
   52594
   53621
   54711
   54662
   55589
   56663
   57424
   58162
   58848
   59724
   60845
   61205
   61855
   62088
   63503
   63031
   63663
   63735
   63408
   63482
   62769
   62050
   61340
   60097
   59298
   59158
   57877
   56316
   55038
   54441
   53671
   52358
   51174
   50257
   49758
   49665
   49139
   48505
   47764
   47918
   47335
   46983
   46233
   45768
   45895
   45476
   44846
   44908
   43733
   43567
   43002
   42519
   42212
   41997
   41560
   41171
   41372
   41131
   40757
   40580
   41252
   40975
   40653
   40936
   40937
   40838
   40824
   41037
   41169
   41623
   41950
   41677
   41671
   42093
   41949
   42313
   42449
   42168
   42774
   42509
   42633
   43652
   43330
   43205
   43757
   43653
   43948
   44106
   43847
   44160
   44292
   44426
   44606
   44686
   45200
   44998
   45796
   45778
   45664
   45753
   46081
   45942
   46121
   46641
   45943
   46339
   46621
   46824
   47209
   47209
   47170
   47699
   47724
   47748
   48222
   48246
   48053
   48513
   48315
   48465
   48639
   49014
   49038
   48765
   48917
   49000
   49374
   49436
   49573
   49558
   49931
   49629
   50437
   50214
   50362
   50590
   50787
   50938
   50959
   50893
   51156
   51223
   51263
   51149
   51233
   51775
   51314
   51781
   52346
   52220
   52256
   52701
   52635
   52304
   52554
   53012
   53147
   53306
   53427
   53701
   53738
   53727
   53684
   54250
   54156
   54129
   55148
   55318
   55074
   55242
   55412
   55925
   55536
   56188
   56378
   56495
   56749
   56848
   57292
   57704
   57523
   58112
   57957
   58336
   58908
   59146
   59261
   59807
   59785
   60401
   60499
   60606
   60930
   61160
   61253
   61855
   62237
   62563
   62873
   63549
   63531
   64312
   64366
   65199
   64863
   65853
   66018
   66349
   67209
   67338
   67325
   67932
   68127
   68813
   68716
   68918
   69797
   69434
   70278
   70601
   71321
   71086
   71597
   72332
   71966
   72200
   72448
   73388
   72945
   73391
   73609
   73312
   73792
   73405
   74142
   74209
   74086
   74486
   74479
   74729
   74566
   74490
   74302
   74475
   74354
   74218
   74767
   74770
   74436
   74793
   74602
   75120
   74668
   74981
   74331
   74412
   74229
   74672
   74663
   74404
   74535
   74464
   74447
   74577
   73824
   74045
   73970
   74496
   74180
   74074
   73864
   73604
   73301
   73626
   73803
   72808
   73281
   73334
   72936
   73079
   73234
   72603
   72533
   72786
   71978
   72817
   72043
   72254
   72180
   71866
   71742
   71678
   71200
   71475
   71940
   71512
   71166
   71002
   71752
   70997
   70591
   70903
   70465
   70256
   70634
   70236
   70250
   69926
   70580
   69736
   69506
   69423
   69668
   69187
   68913
   68397
   69164
   68682
   68663
   68750
   68447
   68708
   67975
   68263
   67902
   67753
   67840
   67815
   67356
   67276
   67458
   66988
   67403
   67021
   66515
   66678
   66796
   66527
   66402
   65676
   67035
   66055
   66251
   65466
   65731
   65818
   65275
   65389
   65182
   64490
   64905
   64938
   64944
   64309
   64140
   64191
   64026
   64163
   64226
   64147
   64208
   63920
   63496
   63617
   63221
   63356
   63435
   63282
   63169
   62726
   62379
   62916
   62507
   62403
   61941
   62063
   62756
   61721
   61673
   61628
   61267
   61226
   61626
   61520
   61055
   60704
   61178
   60333
   60689
   60498
   60931
   60254
   60732
   60094
   60518
   60437
   60171
   60015
   59555
   59802
   59621
   59216
   59133
   59059
   58950
   58815
   58916
   58442
   58873
   58274
   58689
   58640
   58257
   58456
   58090
   57667
   57910
   58242
   57810
   57925
   57641
   57449
   57737
   57140
   57149
   57021
   56943
   56871
   56540
   56476
   56747
   56661
   56973
   56865
   56260
   56043
   56023
   56431
   56198
   56011
   55444
   56098
   55913
   55512
   55496
   55446
   55674
   55114
   55390
   55136
   55268
   55060
   55137
   54460
   54787
   54680
   54190
   54311
   53893
   54395
   54415
   54124
   54316
   54127
   53946
   53477
   53213
   53894
   53625
   53726
   53874
   53215
   53018
   52986
   53041
   53148
   53196
   52952
   52730
   53054
   52749
   52929
   52770
   52529
   52616
   52276
   52292
   52238
   51873
   52418
   52371
   51929
   52171
   52412
   52047
   52090
   52118
   51561
   51611
   51432
   51819
   51575
   51530
   51616
   51340
   51275
   50946
   51317
   50943
   51171
   50770
   51021
   50727
   50902
   51297
   50765
   50961
   50975
   50251
   50573
   50562
   50872
   50635
   50264
   50125
   50567
   50556
   49934
   50366
   50085
   50362
   49753
   49873
   49538
   49860
   50202
   49963
   49855
   49680
   49536
   49653
   49692
   49573
   49601
   49454
   49420
   49473
   49443
   48797
   49536
   49570
   49539
   49030
   49341
   49180
   49363
   49454
   48945
   49199
   49105
   49549
   49252
   49393
   49074
   49225
   49015
   48827
   48730
   49094
   48618
   49028
   48453
   49086
   48563
   48342
   48716
   48385
   49064
   48843
   48704
   48636
   49132
   48870
   48858
   48241
   48803
   48473
   48671
   48507
   48549
   49198
   48418
   48718
   48374
   48598
   48232
   48489
   48319
   48635
   48644
   48442
   48237
   48247
   48495
   48398
   48412
   48231
   48222
   48278
   48506
   48330
   48339
   48363
   48274
   48060
   47987
   47971
   48499
   48110
   48172
   48663
   47925
   48256
   48392
   48443
   48331
   48512
   48435
   48442
   48048
   48272
   48260
   48084
   48071
   47879
   47914
   47929
   48006
   47406
   47613
   47301
   47733
   47703
   47916
   47376
   47667
   47539
   47376
   47208
   46921
   47404
   47008
   46987
   46962
   46960
   46298
   46530
   46584
   46434
   46641
   45870
   46155
   45698
   45817
   45133
   45502
   45323
   45364
   44812
   44817
   44321
   44066
   43779
   43840
   43608
   43381
   43065
   43045
   42914
   42688
   42662
   42286
   41992
   41584
   41669
   41006
   40717
   40664
   40223
   39730
   39599
   39339
   38984
   38472
   38310
   37854
   37518
   37295
   36717
   36804
   36329
   36282
   35601
   34812
   34709
   34201
   33714
   33593
   33279
   32648
   32778
   32197
   32310
   31448
   30938
   30774
   30386
   30002
   29669
   29326
   29027
   28608
   28292
   28180
   27831
   27334
   26989
   26475
   26116
   26178
   25668
   25446
   25137
   24794
   24614
   24444
   23986
   23886
   23564
   23288
   23208
   22831
   22655
   22248
   22220
   21772
   21683
   21406
   21129
   21153
   20965
   20335
   20480
   20159
   20017
   19971
   19472
   19481
   19291
   19100
   19178
   18969
   18537
   18543
   18427
   18093
   18117
   17794
   17825
   17531
   17503
   17429
   17399
   17361
   17019
   16608
   16780
   16712
   16467
   16147
   16515
   16100
   15926
   16006
   15933
   15770
   15640
   15526
   15205
   15378
   15045
   15093
   14984
   14873
   14816
   14686
   14504
   14540
   14427
   14460
   14219
   13823
   14019
   13963
   13544
   13684
   13611
   13615
   13503
   13477
   13442
   13131
   13303
   13143
   13102
   12881
   12853
   12696
   12634
   12739
   12822
   12529
   12518
   12477
   12086
   12297
   12233
   12163
   12043
   11813
   11993
   11874
   11795
   11567
   11527
   11552
   11726
   11482
   11410
   11465
   11330
   11413
   11101
   11111
   11226
   11110
   11081
   11058
   10833
   10677
   10808
   10694
   10716
   10681
   10713
   10442
   10648
   10445
   10474
   10555
   10552
   10543
   10417
   10515
   10414
   10340
   10231
   10307
   10193
   10057
   10026
   10136
   10101
   10205
   10215
   10066
   10138
   10113
   10172
    9859
    9969
   10082
    9967
   10009
   10127
   10065
   10018
   10210
    9973
   10114
   10149
   10295
   10172
   10277
   10363
   10385
   10582
   10590
   10684
   10739
   10932
   10858
   11141
   10998
   11071
   11374
   11516
   11608
   11815
   11831
   12147
   12379
   12585
   12785
   12757
   12861
   13152
   13235
   13654
   14142
   14005
   14428
   14891
   14977
   15269
   16042
   16289
   16813
   16976
   17526
   17979
   18531
   18693
   19438
   19962
   20548
   21178
   21930
   22835
   23385
   24135
   24801
   25606
   26290
   27471
   28136
   28941
   29957
   30862
   32195
   33089
   34366
   35354
   36886
   38153
   39349
   40685
   42030
   43192
   45132
   46557
   48081
   49929
   51846
   53996
   55575
   57497
   60209
   61595
   64057
   66055
   68306
   70869
   73051
   75925
   77942
   81230
   83190
   86731
   89329
   91798
   95073
   98472
  101693
  104506
  107985
  111549
  114776
  117689
  121739
  125214
  128720
  132727
  136774
  140004
  144349
  148202
  152108
  156829
  160098
  164486
  168154
  172832
  176974
  181425
  185873
  190576
  195043
  199674
  203059
  207152
  212456
  216472
  220843
  224565
  230279
  233903
  239521
  242575
  246018
  250752
  254186
  258852
  262572
  266396
  269894
  273152
  277385
  281052
  283120
  286679
  289762
  292555
  296334
  298356
  300912
  303251
  304607
  307963
  309216
  310748
  311430
  313407
  313600
  315462
  316014
  315730
  315851
  316720
  316322
  315533
  315355
  315420
  313775
  313230
  311111
  310089
  308424
  305564
  303912
  301718
  298687
  296825
  293317
  289974
  287240
  283335
  280033
  276220
  272128
  268473
  264008
  260419
  255694
  252990
  245669
  241330
  236968
  232322
  226908
  221810
  216351
  211680
  205971
  201247
  196599
  191108
  185987
  181413
  175704
  170491
  164828
  161462
  154537
  150494
  145198
  140942
  135733
  131181
  126815
  122275
  117455
  113656
  109546
  104485
  100295
   96272
   92292
   88297
   84518
   81044
   77881
   74401
   71251
   67872
   65376
   62227
   59564
   56794
   54190
   51560
   49262
   46895
   44385
   42477
   40354
   38423
   36594
   34505
   33495
   31280
   30144
   28829
   27169
   25670
   24737
   23512
   22183
   21194
   20401
   19425
   18593
   17795
   17110
   16345
   16025
   15087
   14882
   13724
   13349
   13012
   12379
   12111
   11753
   11319
   11102
   10425
   10383
   10071
    9760
    9557
    9334
    9370
    8902
    8668
    8479
    8321
    8022
    8209
    7880
    8048
    7895
    7767
    7584
    7499
    7545
    7333
    7487
    7253
    7086
    7058
    7067
    6930
    6987
    6793
    6945
    6775
    6789
    6776
    6647
    6662
    6555
    6502
    6550
    6492
    6588
    6537
    6403
    6403
    6399
    6283
    6329
    6422
    6260
    6149
    6213
    6237
    6333
    6031
    6180
    6043
    6106
    6117
    6101
    6138
    5998
    5937
    5922
    5973
    6042
    5913
    6121
    5900
    6074
    5761
    5959
    5963
    5959
    5896
    5906
    5719
    5796
    5753
    5764
    5533
    5641
    5642
    5788
    5578
    5766
    5561
    5763
    5581
    5418
    5691
    5440
    5440
    5509
    5509
    5445
    5581
    5498
    5593
    5331
    5486
    5295
    5436
    5392
    5402
    5406
    5342
    5490
    5441
    5380
    5395
    5456
    5306
    5261
    5281
    5289
    5287
    5363
    5292
    5235
    5224
    5238
    5273
    5223
    5037
    5166
    5231
    5267
    5394
    5223
    5298
    5207
    5209
    5209
    5121
    5295
    5119
    5224
    5204
    5190
    5262
    5151
    5134
    5210
    5137
    5090
    5257
    5200
    5137
    5083
    5229
    5087
    5172
    5176
    5269
    5096
    5093
    5102
    5255
    5091
    5112
    5146
    5163
    5152
    5176
    5203
    5108
    5082
    5220
    5205
    5209
    5087
    5341
    5076
    5005
    5167
    5218
    5117
    5266
    5151
    5191
    5049
    5158
    5189
    5191
    5065
    5150
    5171
    5202
    5187
    5200
    5058
    5169
    5173
    4979
    5190
    5122
    5066
    5057
    5169
    5274
    5331
    5222
    5139
    5243
    5127
    5164
    5162
    5198
    5118
    5172
    5223
    5237
    5109
    5116
    5176
    5211
    5231
    5228
    5054
    5128
    5177
    5099
    5140
    5058
    5189
    4908
    5093
    4989
    5145
    5240
    5087
    5073
    5062
    4988
    5025
    5059
    5078
    5015
    4922
    4976
    5048
    4990
    5082
    5105
    4964
    5020
    4953
    4818
    4933
    4878
    4874
    4797
    4977
    4813
    4932
    4922
    4890
    4963
    4878
    4959
    4801
    4682
    4679
    4872
    4742
    4597
    4714
    4692
    4836
    4697
    4655
    4776
    4808
    4732
    4782
    4762
    4688
    4652
    4665
    4702
    4771
    4662
    4669
    4563
    4686
    4502
    4627
    4619
    4677
    4530
    4538
    4558
    4589
    4581
    4535
    4506
    4529
    4407
    4573
    4478
    4411
    4507
    4427
    4526
    4545
    4383
    4458
    4458
    4265
    4289
    4271
    4287
    4355
    4307
    4211
    4365
    4269
    4357
    4215
    4419
    4300
    4304
    4149
    4328
    4205
    4212
    4172
    4114
    4197
    4105
    4067
    4038
    4220
    4116
    4112
    4160
    4100
    4070
    4055
    4062
    4131
    3883
    3922
    4024
    4015
    3933
    3929
    3918
    4014
    3871
    3912
    4025
    3842
    3938
    3801
    3865
    3898
    3820
    3821
    3879
    3879
    3853
    3896
    3928
    3838
    3837
    3820
    3817
    3757
    3773
    3717
    3732
    3701
    3703
    3622
    3731
    3673
    3688
    3710
    3562
    3651
    3689
    3732
    3566
    3686
    3600
    3554
    3670
    3649
    3639
    3575
    3646
    3533
    3529
    3508
    3557
    3466
    3536
    3413
    3481
    3554
    3501
    3492
    3466
    3393
    3385
    3540
    3571
    3390
    3365
    3357
    3439
    3361
    3354
    3366
    3431
    3411
    3393
    3326
    3265
    3331
    3409
    3294
    3253
    3311
    3275
    3253
    3286
    3407
    3294
    3281
    3348
    3220
    3322
    3232
    3306
    3255
    3204
    3177
    3234
    3135
    3184
    3162
    3026
    3073
    3087
    3030
    3172
    3084
    3125
    3156
    3131
    3085
    3029
    3084
    3116
    3170
    3102
    3102
    3010
    3062
    3065
    3067
    3100
    2982
    3083
    2959
    3048
    2935
    2977
    3051
    2988
    3042
    2952
    2926
    2947
    2971
    2909
    2978
    2922
    2974
    2974
    2985
    2869
    2878
    2817
    2898
    2991
    2916
    2904
    2864
    2873
    2816
    2900
    2828
    2839
    2813
    2840
    2865
    2819
    2848
    2789
    2848
    2744
    2739
    2843
    2743
    2669
    2715
    2836
    2744
    2686
    2698
    2764
    2737
    2772
    2690
    2790
    2697
    2615
    2719
    2740
    2651
    2782
    2715
    2677
    2708
    2702
    2692
    2658
    2624
    2729
    2669
    2623
    2663
    2508
    2656
    2616
    2473
    2599
    2594
    2604
    2601
    2529
    2494
    2504
    2589
    2543
    2602
    2619
    2520
    2570
    2550
    2493
    2543
    2590
    2523
    2543
    2546
    2483
    2483
    2433
    2443
    2470
    2484
    2452
    2486
    2501
    2464
    2378
    2479
    2370
    2449
    2486
    2424
    2447
    2518
    2440
    2433
    2344
    2411
    2380
    2480
    2362
    2348
    2458
    2362
    2363
    2379
    2375
    2430
    2434
    2353
    2323
    2201
    2368
    2366
    2344
    2404
    2365
    2340
    2289
    2238
    2291
    2274
    2239
    2271
    2336
    2258
    2212
    2307
    2339
    2222
    2227
    2200
    2285
    2259
    2281
    2242
    2218
    2271
    2210
    2193
    2307
    2128
    2169
    2241
    2208
    2222
    2102
    2176
    2151
    2116
    2176
    2211
    2153
    2099
    2210
    2187
    2128
    2151
    2065
    2103
    2085
    2135
    2043
    2116
    2066
    2097
    2104
    2129
    2037
    2059
    2068
    2080
    2045
    2032
    2018
    2033
    2012
    2088
    1986
    2063
    2031
    2060
    2061
    1939
    1991
    1925
    2024
    1998
    1988
    1943
    2033
    1940
    1893
    1953
    2015
    1883
    1929
    1941
    1899
    1832
    1894
    1830
    1936
    1903
    1872
    1904
    1847
    1873
    1901
    1884
    1819
    1846
    1774
    1815
    1819
    1862
    1825
    1842
    1824
    1834
    1781
    1731
    1779
    1760
    1799
    1832
    1724
    1717
    1697
    1729
    1777
    1741
    1767
    1755
    1752
    1785
    1722
    1789
    1702
    1739
       0
       0
       0
       0
       0
       0
       0
       0
       0
       0
       0
       0
       0
       0
       0
       0
       0
       0
       0
       0
       0
       0
       0
       0
       0
       0
       0
       0
       0
       0
       0
       0
$ROI:
0
$PRESETS:
None
0
0
$ENER_FIT:
-38.509857 3.016307
$MCA_CAL:
3
-3.850986E+001 3.016307E+000 0.000000E+000 keV
$SHAPE_CAL:
3
3.205000E+000 4.421812E-002 0.000000E+000
