$SPEC_ID:
No sample description was entered.
$SPEC_REM:
DET# 1
DETDESC# Easy-MCA 2k Ser:112316
AP# Maestro Version 7.01
$DATE_MEA:
04/27/2022 14:44:11
$MEAS_TIM:
1417 2675
$DATA:
0 2047
       0
       0
       0
       0
       0
       0
       0
       0
       0
       0
       0
       0
       0
      71
    1554
   81201
  112427
  112439
  112594
  115346
  117824
  119161
  121171
  124070
  126181
  127312
  128635
  130525
  133617
  135799
  138824
  141061
  144297
  145170
  145211
  144182
  142673
  139288
  136505
  132988
  130181
  128874
  126925
  127152
  126710
  128373
  129482
  130883
  133606
  134966
  138257
  139991
  143173
  145337
  148156
  150932
  153408
  156349
  158941
  161856
  164413
  166909
  169880
  173465
  175908
  179292
  182335
  184852
  188918
  191843
  194092
  196645
  198075
  201135
  201393
  203160
  203858
  205189
  203727
  204769
  204291
  204243
  203677
  203040
  202943
  202681
  201563
  200710
  200459
  198438
  197535
  196944
  195586
  193612
  193133
  191624
  190671
  189396
  187503
  186849
  186022
  184218
  183428
  181539
  180010
  179104
  177872
  176626
  173908
  173026
  171805
  169815
  167679
  166781
  164580
  162219
  159924
  157559
  155536
  152127
  149004
  146279
  142314
  139155
  136104
  131720
  128437
  124283
  121365
  117231
  113351
  109238
  106314
  103757
  101613
   98299
   96601
   94315
   92168
   90760
   89269
   87883
   86860
   85743
   84916
   83803
   84032
   82956
   82905
   82894
   83263
   83890
   84091
   85484
   86514
   88616
   91167
   93528
   97185
  100405
  104796
  110370
  116426
  123527
  131963
  140661
  151607
  161937
  175220
  189441
  204932
  222754
  241649
  262049
  284443
  307177
  333057
  360520
  388867
  418241
  448020
  478987
  509789
  539760
  570010
  596916
  620683
  642844
  657382
  668292
  671228
  667648
  657118
  637815
  609793
  578338
  539334
  495752
  448565
  400557
  352432
  306232
  264413
  225973
  192542
  163592
  139344
  120670
  105386
   93790
   85589
   79499
   74911
   71939
   69376
   67892
   67396
   66461
   65794
   65629
   65161
   64578
   63940
   63601
   63560
   62993
   62952
   62240
   62487
   61702
   61614
   61529
   61022
   61471
   61243
   60924
   61126
   60867
   61044
   60650
   61037
   60837
   60697
   61194
   60857
   60782
   60619
   60622
   60652
   60212
   60333
   60582
   60091
   59872
   59821
   59755
   59876
   59259
   59140
   58941
   58821
   58752
   58550
   58062
   57551
   57834
   57555
   57478
   56520
   56277
   56301
   56107
   55746
   55149
   55246
   54995
   54781
   54821
   54364
   54088
   54265
   53647
   53361
   53211
   53177
   52654
   52717
   52210
   52172
   52269
   51327
   51051
   51121
   50822
   50395
   50285
   50672
   50347
   49566
   49664
   49028
   48598
   49024
   48819
   48359
   48361
   48268
   48709
   47778
   47399
   47265
   47721
   47201
   47018
   46952
   47016
   47019
   46542
   46645
   46550
   46712
   46034
   46510
   46674
   45963
   46353
   46286
   46137
   46605
   46192
   46218
   46266
   46953
   46567
   46450
   46562
   46599
   46761
   46776
   47271
   47207
   47240
   47491
   47476
   47822
   47598
   48148
   47973
   48096
   48289
   48312
   48427
   48660
   48791
   49003
   49092
   49389
   49244
   49516
   49472
   49632
   49064
   48824
   49127
   48890
   48836
   48599
   47909
   47818
   47899
   47275
   46358
   45681
   45315
   44702
   43877
   42651
   41987
   40944
   39892
   38723
   38003
   36438
   35407
   34407
   32965
   32010
   31080
   29987
   28948
   27466
   26981
   25836
   25213
   24505
   23559
   23190
   22571
   22103
   21433
   20982
   21106
   20358
   19858
   20039
   19569
   19908
   19504
   19594
   19280
   19450
   19401
   19549
   19804
   19985
   20491
   20820
   21209
   21385
   22019
   22729
   23369
   24261
   25377
   26755
   27763
   28978
   30794
   32391
   34333
   36477
   38956
   41263
   43885
   46386
   49845
   53254
   57182
   60991
   64589
   68701
   72945
   76925
   81920
   86497
   90710
   95502
   99817
  104006
  107639
  111905
  114838
  118221
  120985
  122758
  124316
  125023
  125290
  125044
  123871
  122114
  119735
  116442
  113286
  109211
  103959
   99512
   94616
   88967
   83578
   78007
   72864
   67417
   62345
   57452
   52930
   48862
   44655
   41321
   38397
   35268
   32651
   30270
   28638
   26776
   25374
   24127
   23284
   22551
   21949
   21214
   20605
   20490
   19764
   19490
   19412
   19394
   18980
   18693
   18658
   18447
   18329
   18345
   18112
   17862
   17930
   17718
   17815
   17694
   17656
   17433
   17399
   17510
   17167
   17361
   17202
   17120
   17055
   16815
   16892
   16646
   16924
   16982
   16724
   16595
   16666
   16689
   16522
   16450
   16344
   16159
   16249
   16259
   16090
   15826
   15793
   15701
   15595
   15695
   15279
   15227
   15138
   14981
   14915
   14801
   14922
   14582
   14286
   14560
   14227
   14326
   14161
   13964
   13769
   13612
   13538
   13472
   13295
   13294
   13028
   12856
   12712
   12833
   12307
   12392
   12323
   12170
   11975
   11801
   11574
   11575
   11345
   11197
   11164
   10896
   10676
   10642
   10586
   10339
   10256
   10161
   10022
    9903
    9805
    9779
    9460
    9641
    9492
    9453
    9257
    8946
    9090
    8963
    8943
    8807
    8835
    8797
    8724
    8620
    8703
    8600
    8802
    8667
    8725
    8737
    8733
    8906
    8799
    8654
    8706
    9011
    9168
    9039
    9077
    9311
    9448
    9264
    9582
    9782
    9919
    9967
   10095
   10253
   10524
   10691
   10967
   11080
   11373
   11706
   12094
   11945
   12148
   12348
   12642
   12773
   12780
   12850
   13098
   13377
   13062
   13292
   13168
   13467
   13132
   13025
   12892
   12823
   12570
   12103
   12164
   11680
   11413
   11297
   10658
   10264
   10104
    9598
    9171
    8814
    8265
    7870
    7627
    7186
    6864
    6505
    6243
    5898
    5812
    5486
    5204
    5106
    4815
    4588
    4528
    4394
    4246
    4147
    3954
    3864
    3803
    3821
    3737
    3654
    3639
    3691
    3608
    3436
    3460
    3425
    3465
    3441
    3384
    3316
    3188
    3269
    3222
    3238
    3208
    3234
    3195
    3090
    3151
    3032
    2993
    3002
    3038
    2899
    2959
    2858
    3073
    2847
    2915
    2893
    2908
    2860
    2791
    2790
    2767
    2760
    2739
    2755
    2663
    2592
    2573
    2595
    2473
    2587
    2550
    2523
    2484
    2504
    2553
    2458
    2453
    2470
    2407
    2345
    2318
    2334
    2308
    2350
    2256
    2235
    2189
    2247
    2282
    2195
    2236
    2121
    2231
    2168
    2162
    2133
    2036
    2040
    2117
    2035
    2032
    2032
    1997
    1939
    1926
    1975
    1958
    1936
    2025
    1860
    1897
    1812
    1844
    1853
    1828
    1787
    1859
    1833
    1767
    1785
    1742
    1707
    1672
    1706
    1689
    1611
    1680
    1700
    1642
    1664
    1580
    1581
    1603
    1636
    1604
    1549
    1617
    1562
    1581
    1609
    1561
    1531
    1554
    1558
    1591
    1483
    1463
    1514
    1522
    1499
    1496
    1504
    1499
    1509
    1445
    1451
    1454
    1438
    1420
    1401
    1421
    1454
    1364
    1299
    1333
    1352
    1351
    1372
    1392
    1332
    1342
    1250
    1283
    1264
    1250
    1201
    1262
    1191
    1189
    1211
    1191
    1182
    1084
    1106
    1082
    1034
     970
    1018
    1038
    1022
    1029
    1032
     982
     948
     976
     919
     906
     927
     906
     922
     891
     875
     843
     866
     851
     856
     847
     829
     836
     837
     815
     827
     856
     852
     798
     798
     859
     838
     828
     833
     859
     836
     800
     852
     827
     809
     838
     839
     853
     852
     882
     782
     902
     822
     836
     811
     771
     804
     801
     812
     861
     823
     799
     814
     804
     815
     791
     805
     797
     798
     767
     777
     789
     770
     734
     786
     750
     749
     790
     720
     688
     669
     619
     657
     623
     635
     648
     576
     609
     579
     532
     506
     490
     512
     481
     494
     445
     450
     420
     431
     474
     417
     429
     407
     418
     402
     384
     448
     363
     397
     364
     348
     330
     387
     344
     333
     351
     349
     323
     333
     341
     343
     304
     327
     300
     311
     329
     320
     321
     293
     277
     306
     304
     308
     318
     280
     341
     311
     286
     311
     251
     309
     283
     270
     287
     263
     293
     273
     257
     298
     250
     249
     268
     259
     268
     243
     232
     284
     275
     242
     254
     227
     239
     257
     245
     220
     230
     223
     234
     201
     230
     217
     210
     213
     200
     209
     192
     206
     217
     188
     206
     205
     190
     196
     219
     192
     198
     201
     197
     176
     172
     195
     170
     151
     164
     153
     161
     176
     175
     142
     160
     155
     141
     156
     133
     151
     173
     160
     152
     135
     157
     136
     137
     151
     153
     150
     136
     154
     156
     139
     139
     157
     143
     154
     157
     157
     152
     129
     151
     139
     125
     128
     153
     131
     127
     151
     138
     129
     136
     136
     146
     124
     117
     121
     136
     125
     141
     106
     142
     122
     117
     115
     124
     114
     131
     121
     115
     116
     120
     115
     113
     113
     130
     108
     102
      98
     102
      86
      93
      82
     107
      87
      87
      69
      86
      91
      74
      91
      84
      78
      79
      88
      90
      75
      79
      55
      63
      65
      65
      70
      81
      60
      74
      54
      58
      62
      44
      56
      51
      44
      49
      65
      47
      53
      59
      37
      52
      50
      54
      50
      49
      47
      50
      51
      36
      37
      58
      42
      30
      32
      43
      32
      48
      32
      45
      33
      41
      45
      30
      36
      39
      34
      39
      38
      34
      35
      38
      37
      37
      38
      37
      37
      35
      36
      30
      28
      35
      39
      35
      31
      32
      30
      41
      46
      34
      34
      41
      37
      32
      29
      37
      35
      33
      25
      25
      28
      12
      24
      20
      24
      28
      28
      33
      27
      30
      18
      29
      29
      31
      26
      26
      19
      19
      25
      21
      34
      17
      34
      16
      25
      20
      26
      23
      15
      31
      24
      23
      17
      28
      16
      28
      19
      15
      34
      17
      24
      23
      18
      13
      15
      22
      18
      18
      27
      12
      17
      10
      20
      28
      13
      17
      18
      14
      11
      16
      23
      13
      19
      14
      19
      18
      24
      23
      13
      15
      11
      20
      11
       8
      19
      16
      14
      10
      21
      14
      16
       9
      10
      17
      18
      13
      15
      17
      11
      12
       9
      11
       9
      16
      11
      13
       9
       4
       7
      14
      16
      14
       9
      13
       8
      15
       7
      15
      10
      10
       7
       7
       9
      10
      11
       6
       5
       5
      11
      12
       7
       7
       9
      11
      11
       3
      10
       6
      11
       8
       8
       7
       6
       9
       8
       9
       6
       7
       9
       4
       9
       9
       5
       7
       8
      10
      11
       6
      11
      11
       7
       6
       6
       4
       7
       9
      10
       3
       7
       5
       7
       7
       9
       6
       7
       6
       5
       2
       7
       6
       4
       3
       3
       6
       5
       6
       4
      10
       4
       5
       6
       2
       3
       1
       4
       4
       6
       7
       4
       8
       5
       1
       5
       7
       3
       5
       3
       3
       1
       1
       6
       4
       3
       6
       9
       1
       5
       4
       4
       2
       4
       1
       0
       2
       1
       4
       7
       4
       3
       3
       2
       3
       1
       4
       2
       4
       1
       3
       7
       9
       3
       0
       3
       2
       5
       1
       3
       1
       2
       3
       6
       3
       5
       0
       1
       1
       2
       1
       3
       2
       2
       3
       2
       0
       2
       3
       0
       2
       1
       1
       3
       4
       0
       2
       1
       1
       4
       2
       1
       1
       2
       4
       4
       2
       6
       1
       1
       2
       2
       2
       3
       3
       3
       3
       0
       0
       0
       2
       0
       2
       2
       4
       0
       1
       4
       2
       4
       4
       3
       0
       3
       2
       0
       1
       1
       1
       1
       0
       3
       1
       0
       1
       2
       3
       1
       2
       0
       1
       1
       1
       1
       1
       2
       5
       0
       3
       1
       1
       1
       1
       1
       1
       2
       0
       1
       3
       4
       0
       2
       2
       4
       0
       2
       2
       0
       0
       1
       0
       0
       0
       0
       0
       0
       1
       2
       2
       1
       0
       2
       0
       0
       1
       0
       1
       3
       1
       0
       1
       0
       2
       2
       2
       0
       2
       2
       1
       0
       1
       0
       1
       0
       0
       0
       1
       1
       0
       1
       2
       0
       1
       0
       0
       0
       1
       0
       2
       0
       0
       1
       0
       0
       0
       0
       0
       1
       1
       0
       0
       0
       0
       0
       0
       1
       2
       0
       0
       1
       1
       1
       0
       0
       1
       1
       0
       0
       0
       0
       0
       0
       0
       0
       1
       0
       0
       0
       0
       0
       0
       0
       1
       0
       0
       0
       0
       2
       0
       2
       0
       0
       0
       0
       0
       1
       0
       1
       0
       2
       0
       0
       0
       0
       1
       0
       2
       0
       0
       1
       0
       1
       0
       0
       1
       0
       1
       2
       0
       1
       2
       0
       0
       0
       1
       0
       1
       1
       0
       1
       1
       0
       1
       0
       0
       0
       0
       0
       0
       0
       0
       1
       0
       1
       0
       1
       1
       0
       1
       0
       1
       0
       0
       0
       0
       2
       0
       0
       0
       0
       0
       0
       0
       0
       0
       2
       0
       0
       0
       0
       0
       0
       0
       0
       0
       0
       1
       0
       1
       0
       1
       0
       0
       1
       0
       1
       0
       0
       0
       0
       0
       1
       0
       0
       0
       0
       1
       1
       0
       1
       2
       1
       0
       0
       0
       0
       0
       0
       0
       1
       1
       0
       0
       0
       0
       1
       0
       2
       1
       0
       0
       1
       1
       2
       1
       1
       0
       1
       0
       0
       0
       0
       0
       0
       0
       0
       0
       0
       0
       0
       1
       0
       2
       0
       0
       0
       0
       1
       0
       0
       1
       0
       0
       0
       0
       0
       0
       1
       0
       0
       1
       0
       1
       1
       0
       0
       1
       0
       0
       0
       1
       0
       0
       0
       0
       0
       0
       0
       0
       1
       0
       0
       1
       0
       0
       0
       0
       0
       1
       0
       1
       0
       0
       0
       0
       0
       0
       0
       0
       0
       1
       0
       1
       0
       1
       0
       0
       0
       0
       1
       0
       0
       1
       0
       0
       0
       0
       1
       1
       0
       0
       0
       0
       0
       0
       0
       0
       0
       1
       1
       0
       0
       0
       0
       0
       1
       0
       0
       0
       1
       0
       1
       1
       0
       0
       0
       0
       0
       0
       0
       0
       0
       0
       1
       0
       0
       0
       0
       0
       1
       1
       0
       0
       0
       0
       0
       1
       0
       0
       0
       0
       0
       0
       0
       0
       1
       0
       1
       1
       0
       1
       0
       0
       0
       0
       1
       0
       0
       0
       0
       0
       0
       0
       1
       1
       0
       0
       0
       0
       0
       0
       0
       1
       0
       0
       0
       0
       0
       1
       0
       0
       1
       0
       0
       1
       0
       0
       0
       0
       0
       0
       0
       1
       0
       1
       0
       1
       0
       0
       0
       0
       0
       0
       0
       0
       0
       0
       0
       0
       2
       1
       0
       0
       1
       1
       0
       0
       0
       0
       0
       0
       0
       0
       0
       0
       0
       0
       0
       0
       0
       0
       0
       0
       0
       0
       0
       0
       0
       0
       0
       0
       0
       0
       0
       0
       0
       0
       0
       0
       0
       0
       0
       0
       0
       0
       0
       0
       0
       0
$ROI:
2
151 213
411 491
$PRESETS:
None
0
0
$ENER_FIT:
-38.509857 3.016307
$MCA_CAL:
3
-3.850986E+001 3.016307E+000 0.000000E+000 keV
$SHAPE_CAL:
3
3.205000E+000 4.421812E-002 0.000000E+000
