Wave;Sample;Dark;Reference
291.522;3.645;-0.331;0.000
291.691;-3.648;-16.187;0.000
291.860;6.683;1.223;0.000
292.028;4.241;4.851;0.000
292.197;-5.721;3.982;0.000
292.366;-15.004;-5.589;0.000
292.534;6.821;10.936;0.000
292.703;-5.880;-15.236;0.000
292.871;0.119;11.046;0.000
293.040;-7.126;-6.232;0.000
293.209;6.086;10.006;0.000
293.377;6.909;-8.288;0.000
293.546;3.084;4.820;0.000
293.715;-5.475;-8.380;0.000
293.883;3.260;4.973;0.000
294.052;-10.059;-3.559;0.000
294.220;7.189;8.903;0.000
294.389;-0.668;-5.748;0.000
294.557;-1.795;2.333;0.000
294.726;-3.232;0.367;0.000
294.895;10.152;-1.029;0.000
295.063;-2.881;-5.507;0.000
295.232;1.135;-0.154;0.000
295.400;1.978;-6.379;0.000
295.569;2.221;1.863;0.000
295.737;0.468;-8.154;0.000
295.906;-3.357;-1.285;0.000
296.074;-17.286;-7.510;0.000
296.243;8.839;6.339;0.000
296.411;-3.304;-9.364;0.000
296.580;6.292;2.185;0.000
296.748;-8.742;-4.907;0.000
296.917;5.171;-3.289;0.000
297.085;-3.232;-2.223;0.000
297.254;5.940;6.426;0.000
297.422;-10.672;1.284;0.000
297.591;1.734;5.762;0.000
297.759;-6.042;0.890;0.000
297.928;5.275;3.229;0.000
298.096;-12.442;-9.461;0.000
298.265;21.152;12.807;0.000
298.433;-7.109;-8.985;0.000
298.601;-0.425;3.507;0.000
298.770;-7.182;-1.594;0.000
298.938;8.240;0.061;0.000
299.107;-4.760;2.615;0.000
299.275;-6.427;-2.915;0.000
299.443;-13.355;-4.010;0.000
299.612;-0.724;2.597;0.000
299.780;-4.372;2.938;0.000
299.949;3.188;-3.490;0.000
300.117;-4.075;-6.671;0.000
300.285;3.696;1.241;0.000
300.454;-1.707;-16.311;0.000
300.622;0.979;7.998;0.000
300.790;-3.234;0.895;0.000
300.959;3.890;5.539;0.000
301.127;-3.793;-7.928;0.000
301.296;16.240;-1.162;0.000
301.464;7.820;0.746;0.000
301.632;-7.691;11.364;0.000
301.800;-3.985;-12.223;0.000
301.969;-3.287;1.495;0.000
302.137;-5.566;-7.028;0.000
302.305;5.468;-5.224;0.000
302.474;-8.533;-3.536;0.000
302.642;2.311;0.522;0.000
302.810;-6.178;-0.215;0.000
302.979;2.487;-2.377;0.000
303.147;0.380;6.010;0.000
303.315;9.135;4.793;0.000
303.483;-4.109;-11.289;0.000
303.652;-5.830;13.555;0.000
303.820;-12.041;-3.510;0.000
303.988;-0.444;5.613;0.000
304.156;2.205;-7.338;0.000
304.325;-0.267;3.548;0.000
304.493;-2.391;-5.162;0.000
304.661;-5.126;-5.824;0.000
304.829;-8.337;-4.240;0.000
304.998;9.520;4.003;0.000
305.166;-6.548;4.573;0.000
305.334;5.312;4.668;0.000
305.502;-5.058;-1.128;0.000
305.670;7.258;8.299;0.000
305.839;-12.252;-1.828;0.000
306.007;9.362;2.307;0.000
306.175;-9.618;5.432;0.000
306.343;5.926;-0.076;0.000
306.511;-8.407;-0.046;0.000
306.679;-0.548;7.423;0.000
306.848;-10.863;-6.645;0.000
307.016;1.222;-0.076;0.000
307.184;-2.197;8.454;0.000
307.352;6.891;1.717;0.000
307.520;-19.932;2.686;0.000
307.688;6.592;-0.872;0.000
307.856;-10.022;-4.673;0.000
308.024;9.574;4.612;0.000
308.193;-4.180;-3.085;0.000
308.361;10.151;16.526;0.000
308.529;-1.706;-9.803;0.000
308.697;13.853;4.242;0.000
308.865;-3.268;1.634;0.000
309.033;5.172;7.893;0.000
309.201;-6.917;-2.349;0.000
309.369;8.872;-0.471;0.000
309.537;-3.233;-9.481;0.000
309.705;-6.023;3.886;0.000
309.873;-4.828;-12.571;0.000
310.041;2.713;-4.039;0.000
310.209;-10.672;-0.077;0.000
310.377;3.958;3.793;0.000
310.545;-9.832;-8.761;0.000
310.713;15.081;-0.315;0.000
310.881;8.399;-4.894;0.000
311.049;-1.039;5.382;0.000
311.217;1.100;-16.770;0.000
311.385;4.767;-5.617;0.000
311.553;2.963;6.147;0.000
311.721;11.346;9.673;0.000
311.889;-3.180;-3.889;0.000
312.057;5.943;1.097;0.000
312.225;-1.232;1.528;0.000
312.393;6.889;3.506;0.000
312.561;9.397;0.772;0.000
312.729;6.149;1.588;0.000
312.897;7.693;-0.953;0.000
313.065;7.099;9.618;0.000
313.233;-9.762;-4.554;0.000
313.401;2.691;1.904;0.000
313.569;-5.547;-0.975;0.000
313.737;-5.060;-7.466;0.000
313.905;-3.199;4.128;0.000
314.072;9.292;4.905;0.000
314.240;-6.323;-7.622;0.000
314.408;5.835;-2.331;0.000
314.576;-1.411;8.733;0.000
314.744;5.606;4.914;0.000
314.912;0.871;0.883;0.000
315.080;6.662;2.163;0.000
315.248;-10.022;-2.728;0.000
315.415;10.784;4.167;0.000
315.583;6.414;-10.132;0.000
315.751;-2.128;3.654;0.000
315.919;7.785;-1.716;0.000
316.087;-1.530;9.622;0.000
316.255;-6.954;0.597;0.000
316.422;-6.919;-6.771;0.000
316.590;-8.162;-13.550;0.000
316.758;3.435;-5.530;0.000
316.926;-0.497;-2.734;0.000
317.094;-0.322;-4.975;0.000
317.261;-5.549;-10.073;0.000
317.429;6.678;6.636;0.000
317.597;2.361;-0.623;0.000
317.765;3.242;-7.747;0.000
317.933;-1.112;-17.556;0.000
318.100;0.027;-0.687;0.000
318.268;-11.460;-6.337;0.000
318.436;4.118;5.469;0.000
318.604;-8.705;5.629;0.000
318.771;1.660;1.207;0.000
318.939;-11.092;2.834;0.000
319.107;12.555;9.445;0.000
319.275;-1.638;-4.531;0.000
319.442;-5.109;-3.297;0.000
319.610;-7.443;6.979;0.000
319.778;7.783;-3.174;0.000
319.945;-7.128;-7.442;0.000
320.113;10.536;12.706;0.000
320.281;-5.285;-9.977;0.000
320.448;8.116;-4.445;0.000
320.616;-8.545;-2.069;0.000
320.784;4.591;1.754;0.000
320.951;-1.214;-5.209;0.000
321.119;6.064;8.029;0.000
321.287;-4.531;-4.262;0.000
321.454;15.539;7.841;0.000
321.622;-8.232;-8.400;0.000
321.790;0.099;1.438;0.000
321.957;-4.197;-2.924;0.000
322.125;-4.654;-2.568;0.000
322.292;-10.091;-0.225;0.000
322.460;-5.425;-5.271;0.000
322.628;-12.320;-1.757;0.000
322.795;12.577;-1.446;0.000
322.963;-8.691;-3.644;0.000
323.130;-0.989;-3.981;0.000
323.298;3.136;-3.316;0.000
323.466;9.992;-7.704;0.000
323.633;-6.392;2.913;0.000
323.801;-0.563;5.467;0.000
323.968;2.837;-0.353;0.000
324.136;-4.811;0.639;0.000
324.303;-13.602;8.694;0.000
324.471;-2.880;-3.985;0.000
324.638;-14.828;-6.996;0.000
324.806;0.027;4.926;0.000
324.973;-8.303;-7.483;0.000
325.141;6.557;-2.529;0.000
325.308;3.118;0.287;0.000
325.476;8.817;10.983;0.000
325.643;6.769;-12.390;0.000
325.811;8.505;0.010;0.000
325.978;-3.548;-0.143;0.000
326.146;9.975;1.064;0.000
326.313;-4.006;-0.483;0.000
326.481;2.504;-3.936;0.000
326.648;7.874;-7.083;0.000
326.816;5.764;1.337;0.000
326.983;7.066;-7.459;0.000
327.151;2.065;-0.836;0.000
327.318;-1.880;-8.770;0.000
327.486;9.748;-5.263;0.000
327.653;4.083;-5.292;0.000
327.820;0.397;8.536;0.000
327.988;-5.232;-8.130;0.000
328.155;11.839;13.101;0.000
328.323;-11.404;-4.310;0.000
328.490;2.413;8.077;0.000
328.657;-6.282;9.465;0.000
328.825;6.661;5.899;0.000
328.992;-2.830;-1.557;0.000
329.159;-3.673;-0.680;0.000
329.327;-6.827;-2.216;0.000
329.494;7.291;5.003;0.000
329.662;-5.408;-16.770;0.000
329.829;8.695;-1.970;0.000
329.996;0.874;3.257;0.000
330.164;3.223;-9.057;0.000
330.331;-8.128;-5.023;0.000
330.498;1.573;1.882;0.000
330.666;-11.636;-9.037;0.000
330.833;-1.058;6.432;0.000
331.000;-2.832;-5.337;0.000
331.167;0.803;5.750;0.000
331.335;-7.620;-8.331;0.000
331.502;10.400;5.407;0.000
331.669;0.470;-2.453;0.000
331.837;8.362;11.393;0.000
332.004;0.169;-0.269;0.000
332.171;15.136;3.895;0.000
332.338;-4.953;-4.966;0.000
332.506;12.715;9.941;0.000
332.673;-9.443;-8.394;0.000
332.840;-1.583;8.202;0.000
333.007;1.016;-7.790;0.000
333.175;7.012;8.487;0.000
333.342;-5.727;-3.161;0.000
333.509;2.277;5.163;0.000
333.676;-8.408;-14.885;0.000
333.843;2.364;-2.954;0.000
334.011;2.240;-8.445;0.000
334.178;-1.425;-0.811;0.000
334.345;-0.988;-4.216;0.000
334.512;1.257;10.218;0.000
334.679;-5.443;2.023;0.000
334.847;7.362;6.447;0.000
335.014;-12.651;-0.939;0.000
335.181;10.362;-1.214;0.000
335.348;-4.110;-8.152;0.000
335.515;-5.477;-0.890;0.000
335.682;3.925;-4.317;0.000
335.849;1.417;-0.437;0.000
336.017;-5.690;-4.564;0.000
336.184;-1.654;0.658;0.000
336.351;-13.899;3.299;0.000
336.518;-4.689;3.711;0.000
336.685;-10.742;-10.056;0.000
336.852;8.296;6.345;0.000
337.019;-1.460;1.831;0.000
337.186;9.978;9.352;0.000
337.353;-3.477;-1.240;0.000
337.520;1.891;7.451;0.000
337.687;-6.583;-8.399;0.000
337.854;-5.460;11.654;0.000
338.022;-8.814;-13.981;0.000
338.189;3.134;1.445;0.000
338.356;2.733;-3.975;0.000
338.523;5.975;-3.504;0.000
338.690;1.434;-8.692;0.000
338.857;2.558;1.160;0.000
339.024;-11.285;-8.211;0.000
339.191;1.647;11.058;0.000
339.358;-4.953;-12.549;0.000
339.525;8.415;5.504;0.000
339.692;-10.128;-0.775;0.000
339.859;10.295;1.928;0.000
340.026;-13.725;-4.238;0.000
340.193;2.558;-1.455;0.000
340.360;-6.722;-3.630;0.000
340.527;22.592;8.299;0.000
340.694;0.787;-3.927;0.000
340.861;-3.164;3.569;0.000
341.027;-10.809;-6.661;0.000
341.194;2.628;0.626;0.000
341.361;7.700;-5.065;0.000
341.528;1.926;4.780;0.000
341.695;0.680;-6.070;0.000
341.862;10.749;6.848;0.000
342.029;-1.761;0.251;0.000
342.196;11.537;1.096;0.000
342.363;-6.600;2.484;0.000
342.530;-4.653;2.395;0.000
342.697;2.154;3.113;0.000
342.863;-3.462;2.913;0.000
343.030;-2.235;-1.780;0.000
343.197;9.996;8.382;0.000
343.364;-1.057;7.782;0.000
343.531;6.240;1.057;0.000
343.698;3.453;4.871;0.000
343.865;1.045;-1.801;0.000
344.031;-2.759;0.565;0.000
344.198;0.224;2.956;0.000
344.365;-4.672;-8.383;0.000
344.532;-7.479;-6.286;0.000
344.699;-6.093;-17.103;0.000
344.866;-3.091;13.311;0.000
345.032;-7.337;-11.539;0.000
345.199;16.645;8.649;0.000
345.366;-1.302;2.357;0.000
345.533;8.575;2.873;0.000
345.699;3.419;2.032;0.000
345.866;5.260;-7.600;0.000
346.033;-7.583;0.735;0.000
346.200;6.450;4.947;0.000
346.366;5.467;0.971;0.000
346.533;3.785;2.946;0.000
346.700;4.223;-2.958;0.000
346.867;-7.866;3.690;0.000
347.033;-0.914;-6.367;0.000
347.200;9.607;7.248;0.000
347.367;-3.265;3.616;0.000
347.534;5.905;14.604;0.000
347.700;-3.302;3.300;0.000
347.867;2.677;-6.251;0.000
348.034;-6.830;-4.829;0.000
348.200;-1.339;4.575;0.000
348.367;2.050;-6.459;0.000
348.534;12.152;-4.993;0.000
348.700;0.716;-2.839;0.000
348.867;-0.513;7.981;0.000
349.034;-4.410;-2.660;0.000
349.200;9.154;-2.302;0.000
349.367;2.049;3.906;0.000
349.534;-3.740;1.592;0.000
349.700;-12.005;8.525;0.000
349.867;8.381;5.094;0.000
350.033;-1.005;2.650;0.000
350.200;-0.757;6.270;0.000
350.367;-6.356;-1.548;0.000
350.533;4.186;-3.099;0.000
350.700;0.081;3.485;0.000
350.866;18.449;0.037;0.000
351.033;-0.302;-4.555;0.000
351.200;-2.989;3.574;0.000
351.366;2.892;2.098;0.000
351.533;8.377;3.344;0.000
351.699;2.957;4.408;0.000
351.866;-0.233;4.379;0.000
352.032;-5.321;-7.318;0.000
352.199;-1.529;5.996;0.000
352.365;-2.108;-5.287;0.000
352.532;2.327;3.917;0.000
352.698;4.048;-5.154;0.000
352.865;-1.059;1.911;0.000
353.031;-1.287;-5.414;0.000
353.198;-2.480;4.765;0.000
353.364;-12.091;-2.947;0.000
353.531;8.520;13.346;0.000
353.697;-10.511;-4.472;0.000
353.864;5.221;8.703;0.000
354.030;-3.144;-9.185;0.000
354.197;5.907;3.412;0.000
354.363;1.345;-0.587;0.000
354.530;4.224;3.030;0.000
354.696;-6.897;2.530;0.000
354.863;-1.270;3.060;0.000
355.029;-1.512;-2.281;0.000
355.195;4.275;0.423;0.000
355.362;-3.691;-2.259;0.000
355.528;3.872;-5.414;0.000
355.695;3.366;5.105;0.000
355.861;1.836;6.370;0.000
356.027;3.715;-13.826;0.000
356.194;7.138;2.032;0.000
356.360;-2.476;-9.694;0.000
356.527;13.803;5.784;0.000
356.693;-7.250;-7.920;0.000
356.859;11.029;7.975;0.000
357.026;-0.879;-0.930;0.000
357.192;-3.373;-1.034;0.000
357.358;7.344;4.729;0.000
357.525;-0.952;12.034;0.000
357.691;-1.796;5.514;0.000
357.857;4.011;4.598;0.000
358.024;-7.827;8.928;0.000
358.190;5.413;-5.814;0.000
358.356;-6.058;3.162;0.000
358.523;-5.795;2.428;0.000
358.689;-9.410;1.270;0.000
358.855;2.308;-0.310;0.000
359.022;3.521;-5.526;0.000
359.188;4.663;2.185;0.000
359.354;-6.724;-3.975;0.000
359.520;4.522;-9.826;0.000
359.687;2.767;-7.998;0.000
359.853;-0.463;5.777;0.000
360.019;-2.094;-1.111;0.000
360.185;0.519;6.401;0.000
360.352;2.572;-2.852;0.000
360.518;1.699;4.808;0.000
360.684;-9.442;-6.879;0.000
360.850;2.873;3.415;0.000
361.016;-13.041;-2.319;0.000
361.183;5.802;2.692;0.000
361.349;2.679;0.456;0.000
361.515;10.256;8.463;0.000
361.681;15.558;-6.012;0.000
361.847;9.116;6.844;0.000
362.014;-2.197;-2.143;0.000
362.180;14.960;12.802;0.000
362.346;-7.935;2.244;0.000
362.512;9.149;6.021;0.000
362.678;-3.233;-4.224;0.000
362.844;7.345;-0.944;0.000
363.010;-5.795;0.203;0.000
363.177;1.818;9.318;0.000
363.343;-1.356;-0.848;0.000
363.509;-4.179;0.560;0.000
363.675;-3.269;-4.309;0.000
363.841;7.102;-9.613;0.000
364.007;-2.777;-7.503;0.000
364.173;-6.867;3.463;0.000
364.339;8.047;4.751;0.000
364.505;9.504;-1.052;0.000
364.671;-6.021;-17.083;0.000
364.838;8.556;4.140;0.000
365.004;1.784;3.333;0.000
365.170;11.382;16.053;0.000
365.336;-1.254;6.900;0.000
365.502;4.939;1.838;0.000
365.668;-10.688;-9.921;0.000
365.834;14.890;-0.981;0.000
366.000;5.381;-3.416;0.000
366.166;7.044;0.595;0.000
366.332;-2.989;-5.363;0.000
366.498;10.765;8.890;0.000
366.664;-8.023;-6.700;0.000
366.830;9.453;-3.410;0.000
366.996;-7.599;-2.004;0.000
367.162;2.538;4.379;0.000
367.328;-5.529;-5.662;0.000
367.494;3.696;4.509;0.000
367.660;-14.057;4.003;0.000
367.826;2.347;-4.429;0.000
367.992;-2.231;0.773;0.000
368.158;42.012;34.436;0.000
368.323;7.032;-3.187;0.000
368.489;2.590;1.209;0.000
368.655;-7.180;-0.848;0.000
368.821;-1.353;-5.334;0.000
368.987;-3.269;-9.945;0.000
369.153;1.028;4.193;0.000
369.319;5.905;-1.797;0.000
369.485;-6.267;-1.797;0.000
369.651;-3.551;-3.538;0.000
369.817;5.994;7.544;0.000
369.982;-4.183;-16.310;0.000
370.148;2.452;1.232;0.000
370.314;1.398;-7.738;0.000
370.480;1.783;9.433;0.000
370.646;0.101;-7.078;0.000
370.812;-1.321;5.239;0.000
370.978;5.033;2.034;0.000
371.143;4.466;7.935;0.000
371.309;2.783;2.795;0.000
371.475;6.241;3.170;0.000
371.641;-1.883;-3.184;0.000
371.807;10.082;2.532;0.000
371.972;-3.691;-2.641;0.000
372.138;6.487;5.510;0.000
372.304;4.398;2.379;0.000
372.470;4.399;5.159;0.000
372.636;3.941;-3.161;0.000
372.801;6.540;-4.923;0.000
372.967;-4.269;-12.943;0.000
373.133;8.520;-0.050;0.000
373.299;-8.742;-3.675;0.000
373.464;11.329;10.110;0.000
373.630;1.681;-2.035;0.000
373.796;-4.129;10.227;0.000
373.961;-7.461;2.980;0.000
374.127;-1.463;5.252;0.000
374.293;3.204;-1.663;0.000
374.459;2.521;-1.264;0.000
374.624;-4.039;-5.599;0.000
374.790;1.607;8.360;0.000
374.956;5.837;-0.657;0.000
375.121;-2.215;1.839;0.000
375.287;3.380;-8.805;0.000
375.453;3.343;10.520;0.000
375.618;-0.723;1.006;0.000
375.784;12.204;-4.397;0.000
375.950;-1.885;-4.290;0.000
376.115;9.295;7.142;0.000
376.281;-6.952;-9.419;0.000
376.447;13.100;5.526;0.000
376.612;-3.917;-0.876;0.000
376.778;6.417;9.732;0.000
376.943;-8.880;-3.503;0.000
377.109;5.575;0.699;0.000
377.275;-4.830;-6.425;0.000
377.440;3.506;3.683;0.000
377.606;-5.619;-0.545;0.000
377.771;13.224;0.494;0.000
377.937;-0.688;-2.246;0.000
378.102;10.276;6.097;0.000
378.268;-4.988;0.388;0.000
378.434;11.364;-0.501;0.000
378.599;8.909;1.270;0.000
378.765;11.870;-0.202;0.000
378.930;-2.671;11.003;0.000
379.096;6.888;11.931;0.000
379.261;3.012;-2.067;0.000
379.427;2.379;16.427;0.000
379.592;-0.761;2.223;0.000
379.758;1.643;7.957;0.000
379.923;7.836;-4.345;0.000
380.089;15.942;6.363;0.000
380.254;8.734;-0.674;0.000
380.420;-1.849;5.428;0.000
380.585;-3.514;-2.518;0.000
380.751;5.503;3.615;0.000
380.916;-5.585;-5.849;0.000
381.081;6.505;1.802;0.000
381.247;-2.970;1.557;0.000
381.412;1.116;3.905;0.000
381.578;-5.057;-7.668;0.000
381.743;-1.460;12.588;0.000
381.909;-5.428;-12.285;0.000
382.074;-6.497;4.148;0.000
382.239;1.660;-8.909;0.000
382.405;-2.742;9.180;0.000
382.570;-4.829;1.846;0.000
382.736;10.731;-3.202;0.000
382.901;-1.863;-3.106;0.000
383.066;-1.355;0.514;0.000
383.232;5.168;4.197;0.000
383.397;5.630;6.519;0.000
383.562;-5.128;-1.258;0.000
383.728;8.608;11.594;0.000
383.893;-0.410;6.338;0.000
384.058;-0.058;5.940;0.000
384.224;-4.530;-2.757;0.000
384.389;-3.356;5.243;0.000
384.554;-1.970;-0.492;0.000
384.720;-7.935;-2.249;0.000
384.885;-9.407;-2.992;0.000
385.050;-0.724;-1.844;0.000
385.216;-8.987;-9.026;0.000
385.381;0.470;5.452;0.000
385.546;8.134;-8.838;0.000
385.711;-4.339;8.997;0.000
385.877;-3.249;-4.317;0.000
386.042;4.733;-2.035;0.000
386.207;5.051;-2.755;0.000
386.372;3.956;-0.433;0.000
386.538;-2.162;-5.309;0.000
386.703;0.364;1.371;0.000
386.868;-7.831;-5.840;0.000
387.033;7.678;-5.943;0.000
387.199;1.292;1.858;0.000
387.364;-0.690;-4.055;0.000
387.529;-2.338;3.767;0.000
387.694;6.384;5.352;0.000
387.859;-16.744;-11.706;0.000
388.024;3.697;0.692;0.000
388.190;-2.951;6.471;0.000
388.355;0.503;8.240;0.000
388.520;-10.288;2.937;0.000
388.685;-3.408;12.718;0.000
388.850;15.064;14.232;0.000
389.015;27.888;29.957;0.000
389.181;-1.264;14.812;0.000
389.346;-2.497;-3.830;0.000
389.511;-10.022;-1.542;0.000
389.676;9.837;4.703;0.000
389.841;0.802;-4.786;0.000
390.006;3.258;-0.703;0.000
390.171;-2.145;2.694;0.000
390.336;3.434;3.197;0.000
390.501;0.714;2.283;0.000
390.666;3.187;7.202;0.000
390.832;-5.128;-4.265;0.000
390.997;-2.284;4.524;0.000
391.162;1.889;-7.592;0.000
391.327;-4.548;10.568;0.000
391.492;-9.374;-5.511;0.000
391.657;14.434;0.234;0.000
391.822;1.767;-13.020;0.000
391.987;-3.620;0.116;0.000
392.152;-10.320;2.269;0.000
392.317;12.645;8.787;0.000
392.482;-3.882;2.965;0.000
392.647;-1.952;6.459;0.000
392.812;-0.445;-6.582;0.000
392.977;6.625;8.080;0.000
393.142;-8.529;-3.837;0.000
393.307;2.311;5.443;0.000
393.472;-3.949;0.716;0.000
393.637;-1.757;3.475;0.000
393.802;-17.656;-7.668;0.000
393.967;0.892;-5.856;0.000
394.132;0.662;0.556;0.000
394.296;8.681;8.300;0.000
394.461;-5.004;-9.371;0.000
394.626;0.064;5.593;0.000
394.791;-5.638;0.699;0.000
394.956;2.523;8.959;0.000
395.121;1.873;-7.189;0.000
395.286;0.694;-6.181;0.000
395.451;1.699;2.512;0.000
395.616;8.189;4.388;0.000
395.781;1.470;1.392;0.000
395.945;9.450;-2.433;0.000
396.110;6.207;8.485;0.000
396.275;12.278;-2.523;0.000
396.440;0.822;3.113;0.000
396.605;14.311;1.460;0.000
396.770;5.222;26.187;0.000
396.935;56.872;53.296;0.000
397.099;68.487;74.906;0.000
397.264;31.489;26.373;0.000
397.429;1.032;2.920;0.000
397.594;-2.231;3.569;0.000
397.759;-1.598;5.371;0.000
397.923;-3.795;-7.191;0.000
398.088;-1.219;-11.070;0.000
398.253;4.681;2.206;0.000
398.418;-2.198;-10.667;0.000
398.582;13.014;5.047;0.000
398.747;-7.934;-2.708;0.000
398.912;0.206;14.964;0.000
399.077;2.838;10.084;0.000
399.241;6.187;3.417;0.000
399.406;-1.532;-8.070;0.000
399.571;12.679;2.288;0.000
399.736;-4.037;0.504;0.000
399.900;8.366;2.403;0.000
400.065;1.381;-4.679;0.000
400.230;3.836;0.255;0.000
400.394;-0.094;1.825;0.000
400.559;14.663;0.625;0.000
400.724;-4.549;-15.017;0.000
400.888;2.942;3.454;0.000
401.053;-9.865;-0.257;0.000
401.218;5.434;-3.339;0.000
401.382;-1.532;-7.804;0.000
401.547;4.237;-5.092;0.000
401.712;0.645;-5.106;0.000
401.876;11.030;12.553;0.000
402.041;8.204;-8.056;0.000
402.206;8.521;4.899;0.000
402.370;-0.001;-0.438;0.000
402.535;-1.197;6.852;0.000
402.699;-3.776;4.816;0.000
402.864;-1.796;0.596;0.000
403.029;-6.703;-7.162;0.000
403.193;-0.954;-9.150;0.000
403.358;-3.410;-8.302;0.000
403.522;9.872;-0.424;0.000
403.687;-4.653;2.966;0.000
403.851;2.908;1.732;0.000
404.016;-7.669;-0.907;0.000
404.181;-5.583;3.564;0.000
404.345;2.191;7.923;0.000
404.510;-2.985;3.171;0.000
404.674;-2.969;-14.342;0.000
404.839;4.696;11.233;0.000
405.003;-4.984;2.493;0.000
405.168;2.399;1.588;0.000
405.332;-3.725;-3.468;0.000
405.497;11.031;2.289;0.000
405.661;-5.494;-7.845;0.000
405.826;4.836;10.072;0.000
405.990;-2.531;-7.991;0.000
406.155;11.136;4.679;0.000
406.319;-5.090;1.659;0.000
406.483;-0.304;-3.829;0.000
406.648;-6.231;7.037;0.000
406.812;1.121;8.331;0.000
406.977;-9.985;-12.982;0.000
407.141;11.611;-2.352;0.000
407.306;-5.022;-0.337;0.000
407.470;3.698;11.123;0.000
407.634;-4.021;-0.784;0.000
407.799;7.573;-0.510;0.000
407.963;-14.497;6.173;0.000
408.128;0.734;3.063;0.000
408.292;-5.303;-3.641;0.000
408.456;8.835;-1.423;0.000
408.621;1.522;0.173;0.000
408.785;0.997;8.633;0.000
408.949;-0.723;1.166;0.000
409.114;6.030;0.490;0.000
409.278;-6.968;-9.184;0.000
409.442;-2.440;3.504;0.000
409.607;-0.424;4.329;0.000
409.771;15.663;17.879;0.000
409.935;49.417;48.079;0.000
410.100;191.995;202.897;0.000
410.264;297.803;284.535;0.000
410.428;105.837;111.162;0.000
410.593;22.258;19.649;0.000
410.757;14.169;0.610;0.000
410.921;3.485;0.938;0.000
411.085;-8.898;0.200;0.000
411.250;-13.897;-6.580;0.000
411.414;0.258;0.973;0.000
411.578;6.734;-1.189;0.000
411.742;1.820;-5.050;0.000
411.907;-3.251;-3.380;0.000
412.071;12.607;-0.943;0.000
412.235;-3.759;-7.519;0.000
412.399;0.731;13.132;0.000
412.564;-4.672;4.279;0.000
412.728;12.520;2.234;0.000
412.892;-3.111;4.812;0.000
413.056;-1.988;6.066;0.000
413.220;-2.585;-0.414;0.000
413.384;2.116;3.664;0.000
413.549;-1.707;-17.673;0.000
413.713;2.432;-1.649;0.000
413.877;-10.830;-3.201;0.000
414.041;3.626;6.718;0.000
414.205;-2.251;-6.594;0.000
414.369;-1.372;-3.097;0.000
414.533;9.276;2.846;0.000
414.698;10.294;6.426;0.000
414.862;0.682;-1.363;0.000
415.026;1.630;3.121;0.000
415.190;6.449;-6.229;0.000
415.354;12.469;1.191;0.000
415.518;-7.599;-6.015;0.000
415.682;3.541;12.097;0.000
415.846;3.733;0.972;0.000
416.010;8.801;3.322;0.000
416.174;-1.548;-1.373;0.000
416.338;8.223;-8.020;0.000
416.502;0.100;-5.231;0.000
416.667;1.012;-1.933;0.000
416.831;5.012;1.039;0.000
416.995;3.559;6.831;0.000
417.159;-1.809;-7.257;0.000
417.323;9.629;-4.135;0.000
417.487;-11.283;-3.374;0.000
417.651;12.679;1.041;0.000
417.815;-9.863;-4.846;0.000
417.979;6.874;5.982;0.000
418.143;-4.195;-3.232;0.000
418.307;8.591;-5.522;0.000
418.471;-4.072;-9.542;0.000
418.634;2.540;-2.455;0.000
418.798;1.643;-6.193;0.000
418.962;4.363;2.985;0.000
419.126;2.750;-6.048;0.000
419.290;4.295;3.244;0.000
419.454;-3.881;-6.641;0.000
419.618;9.575;11.208;0.000
419.782;-10.163;-4.717;0.000
419.946;3.276;3.067;0.000
420.110;4.436;-6.372;0.000
420.274;-0.725;4.936;0.000
420.438;-2.425;-9.208;0.000
420.601;5.611;14.152;0.000
420.765;2.977;2.171;0.000
420.929;8.029;3.804;0.000
421.093;-11.391;2.374;0.000
421.257;3.590;7.106;0.000
421.421;-3.970;-9.228;0.000
421.585;7.293;5.803;0.000
421.748;-0.826;-1.295;0.000
421.912;7.065;-3.387;0.000
422.076;1.520;-3.928;0.000
422.240;3.804;-4.403;0.000
422.404;-5.320;-3.272;0.000
422.568;6.803;2.593;0.000
422.731;-1.496;-0.403;0.000
422.895;8.240;2.329;0.000
423.059;5.277;-2.801;0.000
423.223;3.958;7.231;0.000
423.386;-9.671;-10.580;0.000
423.550;3.488;0.412;0.000
423.714;-3.548;-12.800;0.000
423.878;9.206;4.433;0.000
424.041;-2.565;-8.821;0.000
424.205;4.171;0.060;0.000
424.369;-5.339;-2.027;0.000
424.533;6.259;2.628;0.000
424.696;10.802;7.900;0.000
424.860;3.502;3.026;0.000
425.024;-3.952;5.100;0.000
425.187;-2.216;0.834;0.000
425.351;-3.741;-4.842;0.000
425.515;4.735;4.259;0.000
425.678;-5.052;-13.531;0.000
425.842;10.714;8.871;0.000
426.006;-4.445;2.257;0.000
426.169;4.100;11.556;0.000
426.333;-3.774;3.349;0.000
426.497;1.434;-3.769;0.000
426.660;4.524;11.619;0.000
426.824;-5.198;-6.514;0.000
426.988;-4.951;-4.716;0.000
427.151;4.890;11.053;0.000
427.315;-1.775;0.124;0.000
427.478;3.314;4.011;0.000
427.642;1.296;-5.967;0.000
427.806;8.013;6.300;0.000
427.969;-2.987;-11.902;0.000
428.133;2.414;3.171;0.000
428.296;-10.549;2.763;0.000
428.460;-1.113;-2.565;0.000
428.623;-16.757;-0.023;0.000
428.787;5.346;7.488;0.000
428.950;8.558;2.704;0.000
429.114;4.275;-3.189;0.000
429.278;-4.304;-7.586;0.000
429.441;3.382;2.824;0.000
429.605;-0.602;-11.880;0.000
429.768;2.189;5.206;0.000
429.932;-1.671;2.556;0.000
430.095;-2.777;0.360;0.000
430.259;10.327;-3.124;0.000
430.422;10.591;-1.873;0.000
430.585;4.013;-3.032;0.000
430.749;1.960;0.706;0.000
430.912;-5.689;-3.739;0.000
431.076;2.204;-3.894;0.000
431.239;-1.793;-7.417;0.000
431.403;5.519;14.831;0.000
431.566;0.664;-3.149;0.000
431.730;6.680;-5.792;0.000
431.893;6.541;-0.448;0.000
432.056;4.311;10.108;0.000
432.220;7.222;0.493;0.000
432.383;-0.231;6.937;0.000
432.547;1.574;2.357;0.000
432.710;9.750;-2.194;0.000
432.873;-11.422;0.564;0.000
433.037;10.101;4.436;0.000
433.200;2.432;17.033;0.000
433.363;15.699;15.211;0.000
433.527;31.277;30.722;0.000
433.690;111.627;107.525;0.000
433.853;352.891;353.302;0.000
434.017;1156.520;1180.410;0.000
434.180;1102.909;1117.664;0.000
434.343;310.381;305.693;0.000
434.507;51.910;60.873;0.000
434.670;24.418;24.164;0.000
434.833;0.120;-1.680;0.000
434.997;2.592;9.637;0.000
435.160;-0.688;-2.664;0.000
435.323;15.994;9.388;0.000
435.486;7.909;1.521;0.000
435.650;18.503;2.820;0.000
435.813;-6.881;-5.260;0.000
435.976;6.542;-6.803;0.000
436.139;-1.462;-2.624;0.000
436.303;10.713;5.637;0.000
436.466;-0.967;-5.278;0.000
436.629;7.661;8.812;0.000
436.792;-1.899;0.029;0.000
436.955;2.503;-0.215;0.000
437.119;5.084;7.258;0.000
437.282;3.906;6.343;0.000
437.445;-6.547;-3.434;0.000
437.608;3.891;5.632;0.000
437.771;-1.301;-4.427;0.000
437.935;1.749;5.073;0.000
438.098;11.157;11.853;0.000
438.261;4.821;5.424;0.000
438.424;6.908;-8.792;0.000
438.587;2.872;-1.579;0.000
438.750;-1.021;3.958;0.000
438.913;-4.568;7.846;0.000
439.076;-5.128;0.766;0.000
439.240;7.943;-0.242;0.000
439.403;1.066;-4.931;0.000
439.566;10.787;5.613;0.000
439.729;-2.410;-0.167;0.000
439.892;2.803;16.430;0.000
440.055;-0.651;10.684;0.000
440.218;12.715;6.122;0.000
440.381;11.436;4.798;0.000
440.544;1.799;5.667;0.000
440.707;2.661;2.112;0.000
440.870;-3.301;-0.663;0.000
441.033;-2.476;-11.254;0.000
441.196;-6.056;4.778;0.000
441.359;-1.687;3.902;0.000
441.522;0.346;8.270;0.000
441.685;7.839;3.624;0.000
441.848;2.733;8.765;0.000
442.011;1.698;-2.831;0.000
442.174;5.067;3.845;0.000
442.337;-0.283;1.657;0.000
442.500;3.839;2.727;0.000
442.663;-0.023;0.356;0.000
442.826;3.891;-2.048;0.000
442.989;-4.706;-8.070;0.000
443.152;5.120;5.955;0.000
443.315;-13.318;-3.935;0.000
443.478;10.450;10.017;0.000
443.641;-9.389;1.342;0.000
443.804;-3.040;8.383;0.000
443.967;-0.723;-2.756;0.000
444.130;5.802;6.222;0.000
444.293;-0.178;-0.138;0.000
444.455;5.065;-2.825;0.000
444.618;-4.303;-4.997;0.000
444.781;10.592;0.737;0.000
444.944;-4.338;-10.545;0.000
445.107;-2.566;7.041;0.000
445.270;-8.758;-10.512;0.000
445.433;9.136;-0.511;0.000
445.595;7.717;-8.450;0.000
445.758;12.328;3.809;0.000
445.921;-1.564;-7.334;0.000
446.084;12.820;5.607;0.000
446.247;2.331;5.388;0.000
446.410;2.754;1.804;0.000
446.572;-7.583;-9.409;0.000
446.735;-0.848;-3.478;0.000
446.898;-6.388;-3.443;0.000
447.061;1.662;9.909;0.000
447.224;2.278;-4.947;0.000
447.386;-2.054;1.434;0.000
447.549;6.522;-3.995;0.000
447.712;-1.741;-6.200;0.000
447.875;3.189;-5.121;0.000
448.037;15.313;8.150;0.000
448.200;-1.390;2.978;0.000
448.363;-13.286;9.010;0.000
448.525;-5.496;-4.669;0.000
448.688;14.033;-3.437;0.000
448.851;0.734;8.349;0.000
449.014;3.489;-4.999;0.000
449.176;4.050;-7.909;0.000
449.339;7.136;8.719;0.000
449.502;0.085;1.288;0.000
449.664;2.523;8.392;0.000
449.827;5.629;-1.290;0.000
449.990;-6.056;1.487;0.000
450.152;-6.987;-6.097;0.000
450.315;1.611;-7.707;0.000
450.477;-10.285;-1.646;0.000
450.640;0.978;-6.647;0.000
450.803;-15.390;-14.874;0.000
450.965;7.259;1.890;0.000
451.128;-9.126;-2.705;0.000
451.291;7.927;-11.459;0.000
451.453;-2.707;-10.506;0.000
451.616;-0.357;-1.866;0.000
451.778;12.050;-12.650;0.000
451.941;-3.511;7.733;0.000
452.103;1.210;10.907;0.000
452.266;-5.726;3.060;0.000
452.429;4.066;-1.557;0.000
452.591;-0.721;2.902;0.000
452.754;-15.619;-8.241;0.000
452.916;7.539;6.756;0.000
453.079;-4.687;2.728;0.000
453.241;3.715;3.476;0.000
453.404;-7.038;-2.598;0.000
453.566;5.486;-0.446;0.000
453.729;-2.583;-3.931;0.000
453.891;-4.321;5.054;0.000
454.054;-8.354;-3.298;0.000
454.216;0.926;3.296;0.000
454.379;-0.426;1.367;0.000
454.541;7.383;5.038;0.000
454.704;-7.496;-3.934;0.000
454.866;-0.743;10.940;0.000
455.028;-11.250;-0.095;0.000
455.191;1.911;4.051;0.000
455.353;-7.126;6.454;0.000
455.516;18.994;4.108;0.000
455.678;-7.510;0.299;0.000
455.840;2.770;10.858;0.000
456.003;1.311;-2.342;0.000
456.165;8.152;1.546;0.000
456.328;-1.427;-2.022;0.000
456.490;14.855;8.302;0.000
456.652;-2.407;-9.763;0.000
456.815;-1.812;3.846;0.000
456.977;-12.108;1.201;0.000
457.139;6.892;12.842;0.000
457.302;2.593;5.146;0.000
457.464;10.557;10.442;0.000
457.626;-7.442;-10.344;0.000
457.789;11.206;5.137;0.000
457.951;1.946;-5.969;0.000
458.113;11.712;4.182;0.000
458.276;-1.778;4.060;0.000
458.438;0.119;4.968;0.000
458.600;-10.721;-3.800;0.000
458.763;12.225;2.548;0.000
458.925;-5.353;-15.046;0.000
459.087;-5.002;-4.226;0.000
459.249;-1.443;-5.686;0.000
459.412;6.752;7.349;0.000
459.574;8.578;-6.955;0.000
459.736;1.470;5.862;0.000
459.898;-2.950;5.930;0.000
460.061;6.118;6.413;0.000
460.223;-5.496;-6.241;0.000
460.385;-1.284;4.162;0.000
460.547;-2.844;-2.201;0.000
460.709;9.381;5.548;0.000
460.872;-3.017;-15.698;0.000
461.034;9.627;1.723;0.000
461.196;-4.564;-8.521;0.000
461.358;-1.651;-4.963;0.000
461.520;1.328;-9.139;0.000
461.682;4.228;3.397;0.000
461.845;1.839;0.751;0.000
462.007;-2.548;4.407;0.000
462.169;-5.093;2.980;0.000
462.331;3.208;9.040;0.000
462.493;-5.669;14.618;0.000
462.655;5.873;-2.123;0.000
462.817;-6.530;6.424;0.000
462.979;11.593;12.308;0.000
463.141;-6.302;3.510;0.000
463.303;4.049;4.619;0.000
463.466;-4.106;0.283;0.000
463.628;6.887;7.428;0.000
463.790;8.138;-3.919;0.000
463.952;6.838;1.985;0.000
464.114;-11.652;-0.577;0.000
464.276;12.153;-8.745;0.000
464.438;-0.216;4.747;0.000
464.600;-6.039;1.073;0.000
464.762;1.046;-0.255;0.000
464.924;19.523;-2.548;0.000
465.086;1.328;-2.597;0.000
465.248;0.522;-2.824;0.000
465.410;-3.126;4.580;0.000
465.572;12.135;1.136;0.000
465.734;-1.616;7.740;0.000
465.896;-1.319;-5.668;0.000
466.058;-4.898;2.853;0.000
466.220;1.716;8.884;0.000
466.382;6.805;1.244;0.000
466.544;5.944;8.683;0.000
466.706;-5.774;-4.969;0.000
466.868;1.752;-5.345;0.000
467.029;-2.389;-6.397;0.000
467.191;1.173;-4.768;0.000
467.353;-8.005;-13.702;0.000
467.515;4.680;5.912;0.000
467.677;-9.125;10.810;0.000
467.839;0.383;-0.222;0.000
468.001;-8.335;-1.964;0.000
468.163;8.889;-3.782;0.000
468.325;-13.687;-8.404;0.000
468.486;4.768;-4.023;0.000
468.648;-2.125;-2.567;0.000
468.810;-0.267;0.428;0.000
468.972;-4.707;-8.608;0.000
469.134;7.204;1.390;0.000
469.296;-7.633;0.804;0.000
469.457;12.137;5.803;0.000
469.619;-8.636;-0.447;0.000
469.781;-1.708;5.979;0.000
469.943;-8.109;-6.136;0.000
470.105;3.417;0.670;0.000
470.266;-1.619;-10.348;0.000
470.428;-0.059;-2.919;0.000
470.590;-2.914;-8.595;0.000
470.752;8.226;12.141;0.000
470.913;4.469;-3.024;0.000
471.075;5.261;-0.607;0.000
471.237;-4.144;-1.660;0.000
471.399;-2.864;-0.495;0.000
471.560;-7.985;-10.569;0.000
471.722;2.031;1.126;0.000
471.884;-1.458;-4.983;0.000
472.045;8.349;5.598;0.000
472.207;-10.932;-8.802;0.000
472.369;-3.687;3.753;0.000
472.530;-13.634;-3.754;0.000
472.692;6.364;4.994;0.000
472.854;3.871;-2.024;0.000
473.015;3.559;3.772;0.000
473.177;5.683;-9.305;0.000
473.339;3.311;0.793;0.000
473.500;5.559;-1.271;0.000
473.662;-2.178;6.959;0.000
473.824;9.012;0.753;0.000
473.985;3.050;-4.130;0.000
474.147;-4.038;-2.745;0.000
474.308;1.577;2.776;0.000
474.470;-9.847;1.262;0.000
474.632;2.016;-5.994;0.000
474.793;-3.582;5.173;0.000
474.955;0.890;0.919;0.000
475.116;-9.265;-2.878;0.000
475.278;0.787;-0.337;0.000
475.439;-7.213;-0.655;0.000
475.601;3.681;9.810;0.000
475.763;-0.597;1.458;0.000
475.924;5.363;-0.297;0.000
476.086;-1.439;-0.132;0.000
476.247;7.912;4.410;0.000
476.409;-7.758;4.775;0.000
476.570;4.189;-1.656;0.000
476.732;2.802;3.833;0.000
476.893;16.225;-2.089;0.000
477.055;-6.651;3.800;0.000
477.216;12.856;6.641;0.000
477.377;3.157;5.947;0.000
477.539;3.505;1.352;0.000
477.700;7.454;0.084;0.000
477.862;3.172;2.661;0.000
478.023;-4.248;-1.642;0.000
478.185;11.400;8.155;0.000
478.346;-10.723;-12.742;0.000
478.508;5.837;4.311;0.000
478.669;-7.476;-11.280;0.000
478.830;1.822;-0.080;0.000
478.992;4.889;-7.158;0.000
479.153;8.576;10.881;0.000
479.314;-0.144;0.446;0.000
479.476;6.384;12.358;0.000
479.637;5.942;-5.141;0.000
479.799;1.821;2.496;0.000
479.960;-12.127;-14.782;0.000
480.121;6.239;1.698;0.000
480.283;-2.389;-1.428;0.000
480.444;-0.424;-0.813;0.000
480.605;0.260;4.299;0.000
480.767;2.942;-0.319;0.000
480.928;-6.179;0.825;0.000
481.089;11.890;7.415;0.000
481.250;-1.178;-2.171;0.000
481.412;10.978;-2.985;0.000
481.573;-3.671;-5.406;0.000
481.734;10.874;6.334;0.000
481.896;-11.529;-7.102;0.000
482.057;10.280;5.843;0.000
482.218;6.120;-0.621;0.000
482.379;6.205;4.230;0.000
482.541;6.855;-8.019;0.000
482.702;10.664;7.178;0.000
482.863;-1.249;-3.301;0.000
483.024;8.699;4.597;0.000
483.185;7.805;7.802;0.000
483.347;11.556;2.327;0.000
483.508;-0.528;1.725;0.000
483.669;5.786;5.618;0.000
483.830;1.908;10.769;0.000
483.991;11.294;4.922;0.000
484.152;7.223;2.125;0.000
484.314;17.558;15.336;0.000
484.475;23.662;19.402;0.000
484.636;17.047;20.958;0.000
484.797;22.139;20.922;0.000
484.958;35.559;30.974;0.000
485.119;33.365;41.424;0.000
485.280;60.697;58.969;0.000
485.441;125.225;121.455;0.000
485.603;314.279;321.766;0.000
485.764;965.928;963.210;0.000
485.925;3542.979;3559.646;0.000
486.086;10695.541;10764.484;0.000
486.247;10125.471;10110.374;0.000
486.408;3195.926;3200.170;0.000
486.569;863.717;860.902;0.000
486.730;250.874;236.251;0.000
486.891;110.820;112.742;0.000
487.052;73.103;73.918;0.000
487.213;56.240;45.519;0.000
487.374;41.035;39.412;0.000
487.535;45.945;35.721;0.000
487.696;10.472;24.559;0.000
487.857;28.085;22.504;0.000
488.018;25.083;24.515;0.000
488.179;28.926;25.566;0.000
488.340;5.999;9.741;0.000
488.501;20.328;16.404;0.000
488.662;7.490;12.468;0.000
488.823;17.383;24.732;0.000
488.984;1.752;5.034;0.000
489.145;14.014;5.438;0.000
489.306;6.154;3.888;0.000
489.467;15.561;11.189;0.000
489.628;-4.794;4.371;0.000
489.789;12.574;7.940;0.000
489.949;12.331;11.650;0.000
490.110;12.332;3.222;0.000
490.271;-1.879;-0.626;0.000
490.432;10.275;14.939;0.000
490.593;-7.125;-0.841;0.000
490.754;12.122;6.108;0.000
490.915;0.328;6.614;0.000
491.076;16.821;10.540;0.000
491.236;2.768;11.460;0.000
491.397;8.434;11.880;0.000
491.558;5.296;-2.543;0.000
491.719;9.347;-1.546;0.000
491.880;2.210;-3.117;0.000
492.041;4.593;16.677;0.000
492.201;2.821;-5.047;0.000
492.362;9.715;10.165;0.000
492.523;-3.616;4.001;0.000
492.684;-2.022;3.217;0.000
492.844;2.752;-3.352;0.000
493.005;2.139;8.855;0.000
493.166;6.504;2.694;0.000
493.327;17.559;3.469;0.000
493.487;1.069;9.807;0.000
493.648;20.647;1.718;0.000
493.809;-4.160;-3.389;0.000
493.970;10.417;1.919;0.000
494.130;4.945;4.247;0.000
494.291;7.175;9.556;0.000
494.452;3.188;1.734;0.000
494.612;9.052;3.341;0.000
494.773;-2.914;3.982;0.000
494.934;8.263;14.412;0.000
495.094;-0.283;-2.601;0.000
495.255;13.574;8.610;0.000
495.416;0.980;2.952;0.000
495.576;3.910;10.931;0.000
495.737;-1.424;-2.610;0.000
495.898;8.714;-0.865;0.000
496.058;2.683;-1.481;0.000
496.219;2.753;-3.585;0.000
496.380;4.137;-3.047;0.000
496.540;6.577;4.277;0.000
496.701;-1.425;2.118;0.000
496.861;0.819;2.977;0.000
497.022;-10.810;-2.947;0.000
497.183;2.331;9.282;0.000
497.343;2.226;7.141;0.000
497.504;6.943;19.575;0.000
497.664;-0.109;-10.393;0.000
497.825;7.663;2.701;0.000
497.985;-6.195;-6.343;0.000
498.146;13.590;6.098;0.000
498.306;-7.123;-7.573;0.000
498.467;5.260;1.609;0.000
498.627;-3.740;0.263;0.000
498.788;2.926;3.265;0.000
498.948;-12.950;3.319;0.000
499.109;11.505;-7.434;0.000
499.269;-1.267;7.317;0.000
499.430;-6.565;11.842;0.000
499.590;-7.179;-3.839;0.000
499.751;5.419;-1.678;0.000
499.911;-3.125;-1.769;0.000
500.072;6.892;-0.616;0.000
500.232;-5.949;-2.310;0.000
500.392;13.296;16.847;0.000
500.553;-6.635;-7.084;0.000
500.713;2.435;7.886;0.000
500.874;-0.547;-5.836;0.000
501.034;13.279;3.784;0.000
501.194;-9.652;-1.047;0.000
501.355;4.820;9.464;0.000
501.515;-2.388;-9.097;0.000
501.676;1.927;3.365;0.000
501.836;-7.689;-1.294;0.000
501.996;5.507;0.876;0.000
502.157;-7.566;3.632;0.000
502.317;-8.041;16.716;0.000
502.477;5.418;-3.050;0.000
502.638;9.961;10.036;0.000
502.798;-5.616;0.934;0.000
502.958;5.066;3.813;0.000
503.119;-4.877;-2.964;0.000
503.279;-0.844;2.971;0.000
503.439;3.489;-4.962;0.000
503.599;8.855;0.924;0.000
503.760;-5.215;-0.919;0.000
503.920;-1.773;8.793;0.000
504.080;3.471;-2.944;0.000
504.240;-8.583;-5.258;0.000
504.401;4.489;-3.861;0.000
504.561;5.716;-2.412;0.000
504.721;-0.881;-8.473;0.000
504.881;0.891;1.254;0.000
505.042;-1.792;-3.498;0.000
505.202;4.644;-8.129;0.000
505.362;-6.142;7.194;0.000
505.522;11.208;2.096;0.000
505.682;-0.355;8.763;0.000
505.843;3.243;2.122;0.000
506.003;4.873;-4.969;0.000
506.163;3.014;-3.952;0.000
506.323;-8.267;0.324;0.000
506.483;7.209;4.515;0.000
506.643;-2.267;-16.634;0.000
506.803;11.381;8.072;0.000
506.964;-10.053;-15.929;0.000
507.124;12.978;9.362;0.000
507.284;-16.143;-4.124;0.000
507.444;6.365;5.838;0.000
507.604;-4.985;-1.446;0.000
507.764;5.384;-7.522;0.000
507.924;-6.072;-9.053;0.000
508.084;3.661;-0.368;0.000
508.244;-3.406;-5.866;0.000
508.404;1.608;-0.323;0.000
508.564;-5.528;-0.358;0.000
508.724;4.244;5.415;0.000
508.884;7.397;-0.457;0.000
509.045;-0.914;3.495;0.000
509.205;-5.756;-4.853;0.000
509.365;4.732;-0.169;0.000
509.525;-3.688;-7.058;0.000
509.685;-6.581;7.510;0.000
509.845;2.715;-9.611;0.000
510.005;6.593;-6.229;0.000
510.165;-3.162;5.826;0.000
510.324;11.454;8.022;0.000
510.484;-7.705;-11.903;0.000
510.644;0.485;5.353;0.000
510.804;-7.547;-4.798;0.000
510.964;12.541;0.964;0.000
511.124;-11.739;-5.048;0.000
511.284;6.100;11.979;0.000
511.444;-7.510;-13.243;0.000
511.604;2.277;-9.593;0.000
511.764;-11.687;-4.227;0.000
511.924;2.893;4.304;0.000
512.084;-2.408;-4.084;0.000
512.244;3.629;11.244;0.000
512.403;2.332;-5.055;0.000
512.563;6.662;-0.353;0.000
512.723;-7.669;1.876;0.000
512.883;5.560;2.824;0.000
513.043;-0.302;-4.272;0.000
513.203;9.540;-9.053;0.000
513.362;-9.830;2.341;0.000
513.522;1.204;2.908;0.000
513.682;-2.143;-8.749;0.000
513.842;-4.268;8.328;0.000
514.002;-11.404;-4.801;0.000
514.161;10.085;-3.635;0.000
514.321;-9.091;-9.069;0.000
514.481;7.068;0.715;0.000
514.641;-0.708;7.539;0.000
514.801;-2.865;2.710;0.000
514.960;-2.035;-1.093;0.000
515.120;7.995;2.984;0.000
515.280;-9.706;-7.236;0.000
515.440;13.122;0.562;0.000
515.599;-7.687;-0.770;0.000
515.759;-4.285;-1.290;0.000
515.919;-3.424;-0.484;0.000
516.078;7.330;8.712;0.000
516.238;-9.107;4.085;0.000
516.398;3.520;4.266;0.000
516.557;3.541;0.246;0.000
516.717;5.821;4.310;0.000
516.877;-8.634;-22.876;0.000
517.036;16.153;4.869;0.000
517.196;-5.004;-2.713;0.000
517.356;6.314;7.010;0.000
517.515;-3.758;-14.589;0.000
517.675;2.873;2.451;0.000
517.835;-2.003;-16.927;0.000
517.994;3.224;3.345;0.000
518.154;-6.848;-3.261;0.000
518.313;5.750;3.796;0.000
518.473;-2.214;3.066;0.000
518.633;13.521;10.798;0.000
518.792;-7.179;-5.538;0.000
518.952;2.752;3.285;0.000
519.111;-4.902;-15.920;0.000
519.271;-1.021;9.905;0.000
519.430;-5.091;-3.939;0.000
519.590;11.697;8.439;0.000
519.749;-7.020;1.656;0.000
519.909;-4.621;1.726;0.000
520.068;-8.863;0.875;0.000
520.228;4.207;2.138;0.000
520.387;-7.407;-2.441;0.000
520.547;0.803;0.489;0.000
520.706;0.628;-6.124;0.000
520.866;4.751;2.630;0.000
521.025;7.996;-0.475;0.000
521.185;10.944;8.192;0.000
521.344;-8.828;0.070;0.000
521.504;3.488;-0.106;0.000
521.663;-7.916;-7.755;0.000
521.823;4.856;7.193;0.000
521.982;-9.319;2.913;0.000
522.141;-1.127;5.071;0.000
522.301;-8.811;-5.929;0.000
522.460;-2.565;3.790;0.000
522.620;-13.741;0.457;0.000
522.779;1.891;2.037;0.000
522.938;-1.863;7.037;0.000
523.098;7.066;11.230;0.000
523.257;-16.898;-3.647;0.000
523.416;8.593;7.827;0.000
523.576;3.347;7.301;0.000
523.735;8.681;3.564;0.000
523.895;3.049;-8.821;0.000
524.054;-0.179;4.144;0.000
524.213;-4.793;-12.119;0.000
524.372;7.260;14.934;0.000
524.532;-5.986;-2.996;0.000
524.691;1.277;-0.136;0.000
524.850;-3.390;-1.188;0.000
525.010;0.838;4.864;0.000
525.169;1.365;-5.065;0.000
525.328;11.242;14.777;0.000
525.487;-2.547;-9.784;0.000
525.647;-1.653;1.427;0.000
525.806;7.330;-4.170;0.000
525.965;3.014;6.076;0.000
526.124;1.716;-3.239;0.000
526.284;-6.828;4.252;0.000
526.443;-1.249;0.340;0.000
526.602;9.453;5.095;0.000
526.761;-5.793;-4.063;0.000
526.920;7.523;-4.080;0.000
527.080;-6.933;-4.729;0.000
527.239;12.681;-0.746;0.000
527.398;-2.302;-3.202;0.000
527.557;-0.846;7.517;0.000
527.716;3.663;-12.693;0.000
527.875;-0.091;4.149;0.000
528.034;-0.776;-3.096;0.000
528.194;3.733;2.097;0.000
528.353;-6.495;-6.429;0.000
528.512;3.891;-0.446;0.000
528.671;0.558;-9.376;0.000
528.830;6.751;0.712;0.000
528.989;-3.688;-2.779;0.000
529.148;8.189;5.449;0.000
529.307;-8.249;0.046;0.000
529.466;6.032;11.204;0.000
529.625;0.856;-7.638;0.000
529.784;-0.811;-10.760;0.000
529.944;-5.582;-1.093;0.000
530.103;3.225;-0.391;0.000
530.262;-7.933;-0.935;0.000
530.421;7.979;0.679;0.000
530.580;-2.758;-4.689;0.000
530.739;2.382;-12.250;0.000
530.898;-5.670;-9.601;0.000
531.057;0.733;4.680;0.000
531.216;-3.109;-7.302;0.000
531.375;-3.811;0.558;0.000
531.534;-3.670;3.120;0.000
531.693;3.172;1.611;0.000
531.851;-1.547;-3.125;0.000
532.010;5.242;8.173;0.000
532.169;-2.881;-10.230;0.000
532.328;4.768;8.910;0.000
532.487;-1.109;6.244;0.000
532.646;4.067;8.455;0.000
532.805;-8.881;-9.422;0.000
532.964;1.593;8.420;0.000
533.123;-0.512;-0.755;0.000
533.282;11.067;3.982;0.000
533.441;-0.723;-6.737;0.000
533.599;5.154;-1.018;0.000
533.758;7.523;0.018;0.000
533.917;6.523;7.404;0.000
534.076;0.453;-2.736;0.000
534.235;4.961;3.229;0.000
534.394;-11.495;-5.876;0.000
534.553;11.611;-0.507;0.000
534.711;1.505;-6.191;0.000
534.870;11.628;3.405;0.000
535.029;1.119;0.528;0.000
535.188;9.558;1.634;0.000
535.347;-1.828;-3.699;0.000
535.505;5.242;-2.717;0.000
535.664;-8.705;1.863;0.000
535.823;5.242;11.144;0.000
535.982;-9.740;6.302;0.000
536.140;4.891;0.811;0.000
536.299;-3.951;0.214;0.000
536.458;-5.214;-2.224;0.000
536.617;-0.144;0.741;0.000
536.775;4.979;8.022;0.000
536.934;-5.284;-1.381;0.000
537.093;12.944;2.286;0.000
537.251;1.102;-5.381;0.000
537.410;-3.723;-0.012;0.000
537.569;-1.249;2.023;0.000
537.727;2.014;-4.169;0.000
537.886;-4.635;-9.853;0.000
538.045;1.593;11.059;0.000
538.203;-11.758;-1.677;0.000
538.362;6.470;-0.168;0.000
538.521;-7.600;0.919;0.000
538.679;2.418;2.341;0.000
538.838;-9.442;2.148;0.000
538.996;8.839;7.025;0.000
539.155;-13.302;1.377;0.000
539.314;0.488;1.219;0.000
539.472;0.962;-4.535;0.000
539.631;3.190;-2.044;0.000
539.789;-3.600;-15.254;0.000
539.948;5.804;5.571;0.000
540.107;6.523;-8.745;0.000
540.265;10.628;0.641;0.000
540.424;-8.863;-6.815;0.000
540.582;-1.073;5.712;0.000
540.741;-1.372;-0.919;0.000
540.899;3.155;-8.323;0.000
541.058;-3.161;-4.971;0.000
541.216;1.628;0.292;0.000
541.375;-3.916;-3.392;0.000
541.533;2.084;0.749;0.000
541.692;-8.600;-0.918;0.000
541.850;0.839;7.854;0.000
542.009;3.488;0.872;0.000
542.167;3.734;8.574;0.000
542.326;-17.231;-5.478;0.000
542.484;7.365;5.715;0.000
542.642;-2.512;1.171;0.000
542.801;7.944;6.049;0.000
542.959;-5.126;4.084;0.000
543.118;1.944;-4.267;0.000
543.276;3.821;1.488;0.000
543.434;3.383;4.278;0.000
543.593;-2.863;-1.617;0.000
543.751;5.084;-3.617;0.000
543.910;-10.091;-5.862;0.000
544.068;7.716;-3.055;0.000
544.226;5.137;-5.844;0.000
544.385;13.927;2.700;0.000
544.543;9.681;6.753;0.000
544.701;-0.775;0.964;0.000
544.860;-6.214;1.175;0.000
545.018;7.506;-2.141;0.000
545.176;-9.021;-10.755;0.000
545.335;13.365;8.824;0.000
545.493;-4.723;-8.649;0.000
545.651;8.874;4.193;0.000
545.809;-8.196;2.808;0.000
545.968;5.470;-2.841;0.000
546.126;9.383;2.317;0.000
546.284;1.962;3.984;0.000
546.442;-3.880;1.984;0.000
546.601;9.663;0.914;0.000
546.759;-8.986;-9.121;0.000
546.917;-4.003;4.441;0.000
547.075;2.541;6.722;0.000
547.234;-3.986;5.213;0.000
547.392;-3.424;-3.752;0.000
547.550;-1.021;2.845;0.000
547.708;-0.354;2.723;0.000
547.866;2.664;8.775;0.000
548.025;-8.126;-9.066;0.000
548.183;10.593;-1.189;0.000
548.341;-1.705;-3.206;0.000
548.499;-7.003;3.847;0.000
548.657;-8.477;-1.715;0.000
548.815;3.102;5.900;0.000
548.973;-0.284;-6.118;0.000
549.131;5.874;5.619;0.000
549.290;-10.880;-14.573;0.000
549.448;-6.810;-8.573;0.000
549.606;-8.179;-17.485;0.000
549.764;-0.950;0.270;0.000
549.922;-3.512;-2.713;0.000
550.080;-1.459;-5.116;0.000
550.238;-1.424;-4.291;0.000
550.396;13.295;0.463;0.000
550.554;-11.705;-5.168;0.000
550.712;-1.126;-4.712;0.000
550.870;-4.249;-16.992;0.000
551.028;-1.161;-3.413;0.000
551.186;2.909;-9.079;0.000
551.344;13.295;7.798;0.000
551.502;2.699;-0.956;0.000
551.660;6.681;3.255;0.000
551.818;-1.161;1.992;0.000
551.976;-5.003;9.097;0.000
552.134;-1.336;-3.429;0.000
552.292;4.857;4.975;0.000
552.450;-10.143;-7.674;0.000
552.608;9.944;3.660;0.000
552.766;1.330;-1.340;0.000
552.924;7.207;-2.270;0.000
553.082;-5.477;-3.480;0.000
553.240;5.839;-1.041;0.000
553.398;-5.564;1.170;0.000
553.556;4.348;3.258;0.000
553.713;-3.231;0.749;0.000
553.871;-0.091;8.486;0.000
554.029;-8.968;6.872;0.000
554.187;4.313;3.908;0.000
554.345;-1.845;-6.566;0.000
554.503;4.418;3.943;0.000
554.661;-5.214;-0.600;0.000
554.818;-2.792;-1.793;0.000
554.976;4.085;7.312;0.000
555.134;-1.968;-9.021;0.000
555.292;-10.757;-6.985;0.000
555.450;11.857;2.594;0.000
555.608;-9.898;-10.634;0.000
555.765;-3.336;7.735;0.000
555.923;-6.985;-7.283;0.000
556.081;1.927;2.577;0.000
556.239;-1.828;-5.142;0.000
556.396;9.751;13.420;0.000
556.554;-1.336;-4.352;0.000
556.712;-2.950;1.157;0.000
556.870;-9.319;-9.246;0.000
557.027;-4.828;6.649;0.000
557.185;-10.705;-6.228;0.000
557.343;1.137;-4.245;0.000
557.500;-11.231;-2.368;0.000
557.658;5.488;-4.298;0.000
557.816;-1.635;2.545;0.000
557.974;4.102;3.896;0.000
558.131;-7.196;-8.560;0.000
558.289;-3.494;-4.893;0.000
558.447;-7.406;-2.753;0.000
558.604;6.208;-4.472;0.000
558.762;-6.827;-6.226;0.000
558.919;13.892;-5.050;0.000
559.077;-3.599;-3.804;0.000
559.235;-0.740;5.792;0.000
559.392;-13.319;1.793;0.000
559.550;6.506;-0.979;0.000
559.708;-15.284;-7.838;0.000
559.865;3.383;2.057;0.000
560.023;2.471;1.232;0.000
560.180;1.594;-4.697;0.000
560.338;-4.354;4.408;0.000
560.495;5.751;6.531;0.000
560.653;-9.775;-2.802;0.000
560.810;1.102;-4.486;0.000
560.968;-5.722;-4.187;0.000
561.125;3.366;2.585;0.000
561.283;-11.599;-0.731;0.000
561.441;3.278;3.480;0.000
561.598;-6.599;-8.064;0.000
561.756;2.962;-1.555;0.000
561.913;1.909;2.814;0.000
562.070;4.295;-6.133;0.000
562.228;-5.634;-1.694;0.000
562.385;-1.985;6.359;0.000
562.543;-3.126;0.727;0.000
562.700;1.260;2.324;0.000
562.858;-5.231;-7.869;0.000
563.015;-1.775;8.991;0.000
563.173;-1.968;2.254;0.000
563.330;8.436;10.816;0.000
563.487;-7.705;1.711;0.000
563.645;3.664;12.536;0.000
563.802;-4.529;-5.060;0.000
563.960;4.383;0.168;0.000
564.117;-9.108;3.993;0.000
564.274;8.418;5.274;0.000
564.432;-7.880;-2.831;0.000
564.589;0.909;-2.129;0.000
564.746;1.313;0.415;0.000
564.904;-8.950;6.152;0.000
565.061;-11.213;-10.795;0.000
565.218;2.050;5.521;0.000
565.376;-4.020;0.135;0.000
565.533;5.085;1.504;0.000
565.690;2.927;-0.180;0.000
565.848;11.138;4.065;0.000
566.005;-6.634;-2.092;0.000
566.162;7.857;9.066;0.000
566.319;-12.740;-5.179;0.000
566.477;-9.161;-0.513;0.000
566.634;0.295;-10.705;0.000
566.791;9.401;-8.442;0.000
566.948;-0.652;-5.214;0.000
567.106;6.453;9.436;0.000
567.263;-5.862;1.348;0.000
567.420;10.278;-0.669;0.000
567.577;-5.845;2.647;0.000
567.734;-0.301;-8.476;0.000
567.892;-11.090;2.542;0.000
568.049;-0.108;-10.651;0.000
568.206;3.085;2.613;0.000
568.363;13.857;5.473;0.000
568.520;-5.266;-9.299;0.000
568.677;6.120;-4.685;0.000
568.834;-0.985;-1.737;0.000
568.992;16.453;3.140;0.000
569.149;-6.511;-8.228;0.000
569.306;-5.354;12.948;0.000
569.463;-4.441;0.580;0.000
569.620;2.699;9.001;0.000
569.777;2.874;6.510;0.000
569.934;1.348;-6.244;0.000
570.091;-0.038;-0.858;0.000
570.248;14.366;9.826;0.000
570.405;-1.441;5.265;0.000
570.562;-0.108;7.441;0.000
570.719;1.839;-0.699;0.000
570.877;7.787;4.161;0.000
571.034;-7.547;-2.857;0.000
571.191;-4.248;12.705;0.000
571.348;-9.389;2.477;0.000
571.505;9.927;18.144;0.000
571.662;-10.634;-14.698;0.000
571.819;1.032;-2.189;0.000
571.976;-4.722;-8.083;0.000
572.132;5.050;-7.995;0.000
572.289;-0.231;-5.627;0.000
572.446;6.331;5.146;0.000
572.603;1.489;-10.872;0.000
572.760;0.629;11.462;0.000
572.917;3.331;-3.082;0.000
573.074;9.050;-2.871;0.000
573.231;-1.792;4.129;0.000
573.388;5.489;1.954;0.000
573.545;-3.775;0.112;0.000
573.702;10.629;7.954;0.000
573.859;-0.389;-1.677;0.000
574.015;9.804;-2.571;0.000
574.172;1.734;-9.676;0.000
574.329;10.611;-0.010;0.000
574.486;-6.266;-11.658;0.000
574.643;6.524;1.763;0.000
574.800;-1.722;2.079;0.000
574.957;14.436;14.553;0.000
575.113;-3.634;-3.745;0.000
575.270;0.752;7.588;0.000
575.427;-3.792;-6.183;0.000
575.584;2.857;4.396;0.000
575.741;1.524;6.572;0.000
575.897;-0.792;11.449;0.000
576.054;-1.020;8.291;0.000
576.211;10.559;3.274;0.000
576.368;-3.582;-2.778;0.000
576.524;4.454;-0.971;0.000
576.681;-4.546;-11.603;0.000
576.838;-5.932;10.731;0.000
576.995;-4.213;1.135;0.000
577.151;-1.599;6.503;0.000
577.308;0.769;-5.409;0.000
577.465;8.857;8.872;0.000
577.621;-3.336;-4.566;0.000
577.778;12.664;2.943;0.000
577.935;-6.196;-6.618;0.000
578.091;0.454;0.294;0.000
578.248;3.190;5.365;0.000
578.405;5.945;9.032;0.000
578.561;-0.669;-1.635;0.000
578.718;3.647;1.558;0.000
578.875;-5.336;-6.933;0.000
579.031;7.278;0.015;0.000
579.188;0.226;0.436;0.000
579.344;7.682;5.717;0.000
579.501;-11.441;-4.089;0.000
579.658;6.173;11.841;0.000
579.814;-0.459;-6.071;0.000
579.971;0.717;2.297;0.000
580.127;-9.581;-4.860;0.000
580.284;11.103;-2.825;0.000
580.440;-9.459;1.631;0.000
580.597;10.191;10.649;0.000
580.754;4.541;-2.333;0.000
580.910;6.594;0.000;0.000
581.067;-4.388;-0.596;0.000
581.223;19.068;14.369;0.000
581.380;1.699;8.282;0.000
581.536;9.629;8.984;0.000
581.693;-0.897;8.335;0.000
581.849;3.805;2.265;0.000
582.005;-8.055;1.458;0.000
582.162;9.769;8.669;0.000
582.318;-4.388;-4.576;0.000
582.475;-0.845;3.529;0.000
582.631;-9.581;-3.839;0.000
582.788;-0.371;10.179;0.000
582.944;0.594;0.161;0.000
583.101;13.366;13.284;0.000
583.257;9.208;0.197;0.000
583.413;4.664;1.460;0.000
583.570;0.226;0.969;0.000
583.726;6.068;2.250;0.000
583.882;-6.090;-1.662;0.000
584.039;3.682;-0.188;0.000
584.195;7.770;5.426;0.000
584.351;-2.774;6.567;0.000
584.508;-7.581;-6.240;0.000
584.664;3.594;10.339;0.000
584.820;0.699;-6.713;0.000
584.977;2.805;9.147;0.000
585.133;0.506;-3.274;0.000
585.289;7.770;13.586;0.000
585.446;-5.002;-8.309;0.000
585.602;2.471;2.604;0.000
585.758;-7.616;-10.782;0.000
585.915;16.945;5.604;0.000
586.071;-1.616;1.868;0.000
586.227;4.208;4.464;0.000
586.383;-8.757;-0.114;0.000
586.539;12.612;5.149;0.000
586.696;-1.950;-0.693;0.000
586.852;-5.494;-6.745;0.000
587.008;-9.230;-5.412;0.000
587.164;1.015;5.448;0.000
587.321;-2.353;-6.815;0.000
587.477;7.191;13.080;0.000
587.633;-2.774;7.414;0.000
587.789;3.331;-6.024;0.000
587.945;-9.458;-4.901;0.000
588.101;1.805;0.660;0.000
588.258;-4.265;0.257;0.000
588.414;2.577;-2.725;0.000
588.570;5.875;2.801;0.000
588.726;20.033;16.644;0.000
588.882;57.156;61.135;0.000
589.038;51.980;59.942;0.000
589.194;21.015;20.434;0.000
589.350;25.401;22.259;0.000
589.506;31.647;34.066;0.000
589.662;27.524;20.610;0.000
589.818;8.699;2.768;0.000
589.975;-0.950;0.505;0.000
590.131;1.998;1.119;0.000
590.287;9.033;-8.705;0.000
590.443;-8.774;-1.406;0.000
590.599;-1.967;-1.196;0.000
590.755;-0.353;-2.669;0.000
590.911;9.945;11.050;0.000
591.067;1.980;-2.037;0.000
591.223;-2.757;-3.879;0.000
591.379;5.647;0.016;0.000
591.535;8.664;8.894;0.000
591.691;-3.757;-1.124;0.000
591.847;-6.406;11.122;0.000
592.003;-4.125;-1.860;0.000
592.158;-0.002;2.596;0.000
592.314;-1.827;0.175;0.000
592.470;-2.300;-2.614;0.000
592.626;-10.827;-7.193;0.000
592.782;2.752;1.580;0.000
592.938;-7.300;-8.473;0.000
593.094;12.278;3.510;0.000
593.250;-2.581;-6.016;0.000
593.406;-0.616;10.721;0.000
593.562;-1.441;-3.033;0.000
593.717;4.735;6.107;0.000
593.873;10.436;-1.173;0.000
594.029;8.296;0.108;0.000
594.185;-7.195;-1.962;0.000
594.341;3.752;-7.471;0.000
594.497;-9.195;-8.663;0.000
594.652;9.366;-1.067;0.000
594.808;-0.599;0.372;0.000
594.964;4.454;5.706;0.000
595.120;-4.037;-10.294;0.000
595.276;-1.967;5.390;0.000
595.431;-1.406;-11.732;0.000
595.587;4.787;2.496;0.000
595.743;-5.757;-6.416;0.000
595.899;5.349;5.707;0.000
596.054;-2.178;-4.626;0.000
596.210;6.489;15.374;0.000
596.366;-7.757;-8.415;0.000
596.522;0.770;-3.081;0.000
596.677;-2.827;5.252;0.000
596.833;3.261;-7.432;0.000
596.989;-1.423;-10.782;0.000
597.144;2.384;1.534;0.000
597.300;-2.160;-4.694;0.000
597.456;8.875;12.517;0.000
597.611;0.752;-4.974;0.000
597.767;19.331;2.517;0.000
597.923;-6.072;3.377;0.000
598.078;8.858;7.816;0.000
598.234;-1.564;-0.395;0.000
598.389;10.156;2.378;0.000
598.545;-1.213;-8.903;0.000
598.701;6.998;1.939;0.000
598.856;4.577;-3.990;0.000
599.012;4.945;14.870;0.000
599.167;-10.090;-2.604;0.000
599.323;-2.985;7.063;0.000
599.479;2.314;-2.305;0.000
599.634;3.173;-1.603;0.000
599.790;-1.265;-3.305;0.000
599.945;6.822;6.327;0.000
600.101;-4.248;3.749;0.000
600.256;9.138;21.240;0.000
600.412;-16.879;-5.619;0.000
600.567;5.401;3.381;0.000
600.723;-6.669;-11.321;0.000
600.878;8.770;4.680;0.000
601.034;-10.984;-6.531;0.000
601.189;3.577;15.084;0.000
601.345;-5.318;-2.986;0.000
601.500;7.033;9.154;0.000
601.655;-8.248;-0.302;0.000
601.811;15.437;2.909;0.000
601.966;2.928;0.699;0.000
602.122;7.559;11.366;0.000
602.277;1.594;5.085;0.000
602.433;8.068;4.735;0.000
602.588;-13.598;-6.037;0.000
602.743;3.296;10.717;0.000
602.899;-6.125;-6.282;0.000
603.054;2.858;7.086;0.000
603.209;10.577;2.946;0.000
603.365;1.016;5.771;0.000
603.520;-0.949;-13.334;0.000
603.675;-5.090;-0.842;0.000
603.831;-1.686;2.281;0.000
603.986;-2.967;3.158;0.000
604.141;-9.405;-5.737;0.000
604.297;6.752;16.843;0.000
604.452;2.261;-14.631;0.000
604.607;5.559;8.843;0.000
604.763;-4.423;-10.034;0.000
604.918;1.051;4.896;0.000
605.073;-14.019;-14.770;0.000
605.228;9.577;1.423;0.000
605.384;3.033;2.476;0.000
605.539;-0.704;0.809;0.000
605.694;-3.791;3.985;0.000
605.849;9.121;-1.348;0.000
606.005;-2.265;-4.751;0.000
606.160;5.612;2.916;0.000
606.315;-3.441;-10.891;0.000
606.470;5.103;15.074;0.000
606.625;-8.107;3.232;0.000
606.780;29.191;21.864;0.000
606.936;-11.862;0.654;0.000
607.091;7.156;4.724;0.000
607.246;-4.265;4.461;0.000
607.401;7.717;13.882;0.000
607.556;-3.142;-14.626;0.000
607.711;5.437;0.550;0.000
607.866;7.138;2.164;0.000
608.022;-3.090;0.182;0.000
608.177;0.735;-4.783;0.000
608.332;4.209;10.954;0.000
608.487;0.367;1.849;0.000
608.642;-7.142;3.551;0.000
608.797;-11.440;2.727;0.000
608.952;2.595;5.815;0.000
609.107;-3.072;2.201;0.000
609.262;0.595;1.885;0.000
609.417;-4.177;-5.641;0.000
609.572;4.191;2.149;0.000
609.727;-0.511;-13.833;0.000
609.882;-0.054;-0.465;0.000
610.037;-6.370;-5.763;0.000
610.192;5.174;-1.289;0.000
610.347;-11.054;1.466;0.000
610.502;6.823;-5.008;0.000
610.657;0.384;-6.253;0.000
610.812;9.314;10.519;0.000
610.967;-6.388;-10.481;0.000
611.122;5.963;-6.129;0.000
611.277;-13.511;-3.901;0.000
611.432;-2.563;-6.813;0.000
611.587;-13.493;-13.760;0.000
611.742;6.174;-1.532;0.000
611.896;-6.914;-6.795;0.000
612.051;1.963;2.749;0.000
612.206;-6.054;-7.286;0.000
612.361;9.472;2.943;0.000
612.516;-13.528;-7.917;0.000
612.671;14.647;-0.566;0.000
612.826;0.718;-1.179;0.000
612.981;14.086;5.277;0.000
613.135;-6.107;-4.144;0.000
613.290;2.068;-0.407;0.000
613.445;-7.668;9.032;0.000
613.600;8.542;12.225;0.000
613.755;-12.423;5.787;0.000
613.909;3.139;1.419;0.000
614.064;-1.160;-3.248;0.000
614.219;4.735;-7.932;0.000
614.374;-3.475;-2.353;0.000
614.529;4.577;-0.966;0.000
614.683;-7.230;-0.387;0.000
614.838;-12.967;7.701;0.000
614.993;5.858;-7.738;0.000
615.147;-2.230;13.771;0.000
615.302;-6.967;-16.930;0.000
615.457;13.402;6.158;0.000
615.612;0.419;-3.930;0.000
615.766;9.770;3.667;0.000
615.921;-2.072;5.159;0.000
616.076;1.630;1.141;0.000
616.230;-4.844;-1.876;0.000
616.385;-6.125;11.966;0.000
616.540;5.507;-3.963;0.000
616.694;1.472;10.528;0.000
616.849;6.788;-5.507;0.000
617.003;4.454;-9.594;0.000
617.158;-5.388;0.336;0.000
617.313;4.051;-4.032;0.000
617.467;-0.247;0.635;0.000
617.622;2.823;9.512;0.000
617.776;-15.054;-8.786;0.000
617.931;-7.019;-6.382;0.000
618.086;-7.528;-10.277;0.000
618.240;3.332;8.092;0.000
618.395;-0.703;-1.294;0.000
618.549;3.823;11.636;0.000
618.704;-5.949;-5.960;0.000
618.858;10.788;-1.925;0.000
619.013;1.191;-8.328;0.000
619.167;1.244;-4.170;0.000
619.322;-4.896;-9.135;0.000
619.476;9.612;3.217;0.000
619.631;1.718;-5.397;0.000
619.785;7.823;4.884;0.000
619.940;-0.774;2.972;0.000
620.094;2.998;6.902;0.000
620.249;-3.844;-6.309;0.000
620.403;-0.019;-0.326;0.000
620.558;-9.195;-7.343;0.000
620.712;10.683;4.043;0.000
620.866;-5.738;-7.027;0.000
621.021;5.630;-4.746;0.000
621.175;-0.738;-9.833;0.000
621.330;2.542;7.798;0.000
621.484;-10.405;-5.184;0.000
621.638;3.525;-0.131;0.000
621.793;-6.931;-9.920;0.000
621.947;-2.352;5.817;0.000
622.101;-6.703;0.764;0.000
622.256;0.384;5.940;0.000
622.410;-2.510;0.081;0.000
622.564;7.069;0.783;0.000
622.719;-6.721;-6.217;0.000
622.873;8.437;8.608;0.000
623.027;6.069;-1.357;0.000
623.182;-1.756;-3.725;0.000
623.336;1.314;1.801;0.000
623.490;-0.703;0.872;0.000
623.644;-5.510;-9.321;0.000
623.799;8.981;5.837;0.000
623.953;0.139;-9.461;0.000
624.107;5.139;6.750;0.000
624.261;-10.300;-8.794;0.000
624.416;9.297;7.417;0.000
624.570;-10.493;-9.127;0.000
624.724;-5.949;-5.898;0.000
624.878;-5.458;1.435;0.000
625.032;12.209;-1.968;0.000
625.187;2.542;2.962;0.000
625.341;8.665;5.155;0.000
625.495;1.191;-6.494;0.000
625.649;-4.072;3.384;0.000
625.803;3.963;5.332;0.000
625.957;10.981;2.455;0.000
626.112;-11.405;-5.089;0.000
626.266;3.490;-1.352;0.000
626.420;-6.247;2.052;0.000
626.574;1.613;-4.509;0.000
626.728;-4.580;1.561;0.000
626.882;6.823;-3.649;0.000
627.036;-1.352;-0.912;0.000
627.190;-5.896;6.193;0.000
627.344;4.332;0.702;0.000
627.498;9.577;9.422;0.000
627.652;-5.721;4.369;0.000
627.806;-1.493;-0.367;0.000
627.960;-4.668;-13.577;0.000
628.114;4.332;-0.665;0.000
628.268;-1.545;0.949;0.000
628.422;-2.335;-7.103;0.000
628.576;-5.738;-6.454;0.000
628.730;7.121;6.266;0.000
628.884;-1.949;-8.576;0.000
629.038;0.911;7.986;0.000
629.192;-11.668;1.635;0.000
629.346;4.963;2.793;0.000
629.500;-0.405;-2.487;0.000
629.654;6.806;7.688;0.000
629.808;-0.966;1.092;0.000
629.962;-3.422;8.180;0.000
630.116;2.613;1.496;0.000
630.270;3.016;12.180;0.000
630.424;-14.036;-4.942;0.000
630.578;3.542;-2.082;0.000
630.732;-9.633;-9.731;0.000
630.885;6.911;-0.801;0.000
631.039;-2.545;-3.204;0.000
631.193;-1.598;2.849;0.000
631.347;-4.440;-7.818;0.000
631.501;1.928;0.007;0.000
631.655;-6.282;-8.133;0.000
631.808;-2.633;5.762;0.000
631.962;-6.475;-6.536;0.000
632.116;5.314;6.780;0.000
632.270;-9.843;-5.588;0.000
632.424;9.718;7.693;0.000
632.577;-2.001;-3.483;0.000
632.731;-1.212;2.763;0.000
632.885;3.999;0.851;0.000
633.039;10.981;-2.938;0.000
633.192;-2.861;4.992;0.000
633.346;5.279;4.062;0.000
633.500;-2.352;0.080;0.000
633.654;4.350;-1.972;0.000
633.807;-3.931;-7.902;0.000
633.961;4.630;7.923;0.000
634.115;-6.352;-8.270;0.000
634.268;1.946;-1.550;0.000
634.422;6.104;-3.375;0.000
634.576;9.139;2.608;0.000
634.729;-6.142;-0.357;0.000
634.883;7.543;12.258;0.000
635.037;-0.177;-6.005;0.000
635.190;7.332;9.153;0.000
635.344;-4.212;-8.478;0.000
635.498;10.104;8.697;0.000
635.651;-4.984;3.276;0.000
635.805;10.700;-0.969;0.000
635.958;2.595;-0.723;0.000
636.112;12.578;-3.758;0.000
636.265;-4.300;-9.828;0.000
636.419;14.367;-0.687;0.000
636.573;-4.826;0.401;0.000
636.726;8.665;3.980;0.000
636.880;-7.492;0.278;0.000
637.033;11.297;-9.564;0.000
637.187;-1.054;-0.107;0.000
637.340;17.104;9.104;0.000
637.494;-1.212;0.753;0.000
637.647;3.508;-2.738;0.000
637.801;-1.387;-9.089;0.000
637.954;11.929;-0.948;0.000
638.108;-7.264;-4.281;0.000
638.261;0.122;3.912;0.000
638.415;0.455;-1.316;0.000
638.568;3.209;2.176;0.000
638.721;-12.124;-0.772;0.000
638.875;5.420;4.667;0.000
639.028;-8.019;0.439;0.000
639.182;-2.019;6.141;0.000
639.335;0.894;8.545;0.000
639.489;2.771;4.475;0.000
639.642;-18.247;-14.682;0.000
639.795;5.437;4.914;0.000
639.949;-1.563;4.476;0.000
640.102;-3.966;-1.629;0.000
640.255;-2.791;-0.611;0.000
640.409;5.894;3.091;0.000
640.562;-5.528;-1.558;0.000
640.715;2.543;3.389;0.000
640.869;-4.142;-5.716;0.000
641.022;1.841;5.513;0.000
641.175;-7.949;-1.803;0.000
641.329;-1.194;1.320;0.000
641.482;-1.282;1.303;0.000
641.635;8.473;12.865;0.000
641.788;-5.984;1.531;0.000
641.942;2.630;5.865;0.000
642.095;0.964;-7.766;0.000
642.248;1.929;-2.152;0.000
642.401;-14.124;-1.871;0.000
642.555;15.069;2.954;0.000
642.708;4.367;10.235;0.000
642.861;-4.703;-5.151;0.000
643.014;4.771;-10.958;0.000
643.167;-4.422;3.990;0.000
643.321;2.490;-3.150;0.000
643.474;8.894;5.095;0.000
643.627;5.999;-1.413;0.000
643.780;2.455;6.868;0.000
643.933;-6.563;-9.465;0.000
644.086;2.508;-2.307;0.000
644.239;6.473;0.219;0.000
644.393;10.157;7.325;0.000
644.546;-6.580;-3.324;0.000
644.699;3.209;-9.797;0.000
644.852;2.087;2.922;0.000
645.005;7.034;2.150;0.000
645.158;-5.054;-5.148;0.000
645.311;7.823;4.818;0.000
645.464;5.245;-1.358;0.000
645.617;12.701;12.081;0.000
645.770;-2.247;4.169;0.000
645.923;6.016;15.433;0.000
646.076;-3.089;-2.901;0.000
646.229;12.315;9.258;0.000
646.382;-11.755;-11.269;0.000
646.535;10.525;2.293;0.000
646.688;4.508;-9.882;0.000
646.841;9.929;0.451;0.000
646.994;1.666;0.294;0.000
647.147;8.788;6.417;0.000
647.300;7.052;1.838;0.000
647.453;10.771;-0.811;0.000
647.606;3.473;-0.425;0.000
647.759;8.666;4.032;0.000
647.912;-4.966;2.962;0.000
648.065;7.385;2.804;0.000
648.218;19.736;8.068;0.000
648.371;0.824;0.892;0.000
648.524;-8.492;4.980;0.000
648.676;7.367;4.577;0.000
648.829;0.508;6.156;0.000
648.982;17.069;15.525;0.000
649.135;3.981;1.613;0.000
649.288;11.350;8.946;0.000
649.441;10.718;0.122;0.000
649.594;9.455;15.280;0.000
649.746;7.613;1.596;0.000
649.899;8.087;2.368;0.000
650.052;9.332;-0.421;0.000
650.205;5.350;9.141;0.000
650.358;4.666;5.808;0.000
650.510;7.420;6.247;0.000
650.663;4.262;-9.753;0.000
650.816;3.789;13.545;0.000
650.969;-5.861;-1.595;0.000
651.121;17.525;19.862;0.000
651.274;-4.387;2.669;0.000
651.427;3.473;13.774;0.000
651.580;4.946;11.073;0.000
651.732;-0.018;8.441;0.000
651.885;13.227;3.424;0.000
652.038;18.420;6.459;0.000
652.190;12.473;2.653;0.000
652.343;16.069;12.951;0.000
652.496;13.508;2.074;0.000
652.648;7.175;9.478;0.000
652.801;16.262;14.759;0.000
652.954;8.999;11.303;0.000
653.106;7.297;13.724;0.000
653.259;14.894;18.654;0.000
653.411;15.964;18.146;0.000
653.564;24.034;31.006;0.000
653.717;14.175;33.041;0.000
653.869;34.490;22.445;0.000
654.022;26.964;36.357;0.000
654.174;43.385;41.445;0.000
654.327;51.297;53.831;0.000
654.480;65.596;76.446;0.000
654.632;77.596;75.604;0.000
654.785;85.034;77.078;0.000
654.937;100.841;89.552;0.000
655.090;153.999;148.078;0.000
655.242;222.087;217.464;0.000
655.395;330.227;325.763;0.000
655.547;588.894;596.342;0.000
655.700;1266.052;1260.290;0.000
655.852;3179.490;3163.992;0.000
656.005;15478.087;15311.974;0.000
656.157;56901.789;56813.975;0.000
656.309;48580.034;48655.782;0.000
656.462;17689.122;17662.870;0.000
656.614;6270.508;6255.045;0.000
656.767;2346.736;2344.870;0.000
656.919;945.420;951.590;0.000
657.072;604.069;596.309;0.000
657.224;378.929;373.590;0.000
657.376;335.017;341.275;0.000
657.529;223.297;212.994;0.000
657.681;202.017;203.696;0.000
657.833;150.157;144.714;0.000
657.986;169.210;144.890;0.000
658.138;114.455;115.276;0.000
658.290;110.350;116.995;0.000
658.443;96.034;91.241;0.000
658.595;105.771;103.435;0.000
658.747;81.859;79.049;0.000
658.900;84.104;99.558;0.000
659.052;51.175;61.207;0.000
659.204;71.982;79.874;0.000
659.357;63.455;62.401;0.000
659.509;71.859;71.120;0.000
659.661;54.771;53.261;0.000
659.813;61.543;61.489;0.000
659.966;47.262;47.630;0.000
660.118;56.227;65.332;0.000
660.270;39.683;44.297;0.000
660.422;47.578;46.279;0.000
660.574;28.701;27.841;0.000
660.727;39.438;40.455;0.000
660.879;44.894;33.035;0.000
661.031;39.210;38.701;0.000
661.183;36.210;42.772;0.000
661.335;30.490;31.825;0.000
661.487;33.157;41.334;0.000
661.640;39.964;34.387;0.000
661.792;29.999;27.755;0.000
661.944;38.034;33.808;0.000
662.096;35.069;24.756;0.000
662.248;30.613;20.633;0.000
662.400;24.929;20.721;0.000
662.552;29.613;21.072;0.000
662.704;29.192;31.195;0.000
662.856;19.929;22.195;0.000
663.009;18.280;20.090;0.000
663.161;21.508;21.757;0.000
663.313;21.912;15.354;0.000
663.465;15.543;22.109;0.000
663.617;25.771;14.846;0.000
663.769;23.561;24.407;0.000
663.921;17.227;6.759;0.000
664.073;22.473;20.408;0.000
664.225;19.333;21.391;0.000
664.377;21.368;28.829;0.000
664.529;13.561;23.479;0.000
664.681;16.947;23.181;0.000
664.833;14.877;21.374;0.000
664.985;19.140;21.234;0.000
665.136;20.052;17.129;0.000
665.288;20.263;15.708;0.000
665.440;12.034;18.480;0.000
665.592;17.087;6.814;0.000
665.744;18.561;12.182;0.000
665.896;14.245;8.253;0.000
666.048;19.333;15.481;0.000
666.200;3.157;19.657;0.000
666.352;7.736;5.622;0.000
666.504;18.403;16.359;0.000
666.655;13.894;10.500;0.000
666.807;14.473;6.237;0.000
666.959;5.052;3.553;0.000
667.111;14.719;11.202;0.000
667.263;-1.773;15.465;0.000
667.415;14.087;13.080;0.000
667.566;17.824;14.571;0.000
667.718;14.017;-0.551;0.000
667.870;9.842;17.361;0.000
668.022;12.859;14.291;0.000
668.173;11.912;8.625;0.000
668.325;10.333;13.555;0.000
668.477;10.105;8.976;0.000
668.629;9.157;12.625;0.000
668.780;9.017;15.152;0.000
668.932;10.631;7.486;0.000
669.084;5.052;20.240;0.000
669.236;4.824;9.188;0.000
669.387;10.298;10.293;0.000
669.539;3.210;-1.531;0.000
669.691;11.192;2.399;0.000
669.842;3.333;2.891;0.000
669.994;18.052;9.557;0.000
670.146;-1.527;8.452;0.000
670.297;13.192;13.733;0.000
670.449;10.315;1.137;0.000
670.601;1.842;20.295;0.000
670.752;10.315;-2.178;0.000
670.904;11.157;14.997;0.000
671.055;1.561;6.349;0.000
671.207;6.333;-2.651;0.000
671.359;0.806;13.946;0.000
671.510;6.754;13.156;0.000
671.662;5.385;16.385;0.000
671.813;9.087;13.122;0.000
671.965;6.456;-2.966;0.000
672.116;14.210;7.262;0.000
672.268;4.087;6.736;0.000
672.419;17.491;8.789;0.000
672.571;4.140;5.491;0.000
672.722;7.087;10.439;0.000
672.874;11.824;5.755;0.000
673.025;7.403;11.439;0.000
673.177;-1.229;11.843;0.000
673.328;6.578;9.773;0.000
673.480;3.368;19.124;0.000
673.631;9.105;6.440;0.000
673.783;4.912;1.563;0.000
673.934;2.859;-1.577;0.000
674.086;-1.632;0.108;0.000
674.237;17.280;5.038;0.000
674.388;1.631;6.705;0.000
674.540;0.631;6.986;0.000
674.691;-0.018;-2.891;0.000
674.843;5.807;9.179;0.000
674.994;9.877;10.495;0.000
675.145;12.368;18.601;0.000
675.297;5.017;11.934;0.000
675.448;7.157;3.215;0.000
675.599;2.245;6.970;0.000
675.751;13.403;12.163;0.000
675.902;3.421;4.882;0.000
676.053;7.263;9.409;0.000
676.205;5.543;-2.275;0.000
676.356;9.245;2.357;0.000
676.507;4.052;6.866;0.000
676.658;4.315;11.866;0.000
676.810;3.350;1.638;0.000
676.961;7.298;11.182;0.000
677.112;1.508;6.551;0.000
677.263;11.824;2.306;0.000
677.415;8.789;-6.378;0.000
677.566;10.175;4.236;0.000
677.717;9.000;-3.694;0.000
677.868;-0.667;5.675;0.000
678.019;-2.895;2.623;0.000
678.171;5.631;7.026;0.000
678.322;3.017;1.991;0.000
678.473;3.210;4.114;0.000
678.624;-0.457;2.220;0.000
678.775;4.912;3.729;0.000
678.926;-13.299;3.098;0.000
679.078;10.473;2.958;0.000
679.229;12.386;-8.867;0.000
679.380;7.772;9.800;0.000
679.531;0.894;3.906;0.000
679.682;5.912;3.046;0.000
679.833;-2.316;7.029;0.000
679.984;9.210;17.398;0.000
680.135;0.122;4.012;0.000
680.286;13.824;5.433;0.000
680.437;-1.948;2.153;0.000
680.588;5.298;17.258;0.000
680.739;-0.035;0.504;0.000
680.890;3.982;5.013;0.000
681.041;0.912;4.417;0.000
681.192;4.456;-6.653;0.000
681.343;3.930;3.856;0.000
681.494;-0.018;2.996;0.000
681.645;-11.421;-5.196;0.000
681.796;1.877;12.330;0.000
681.947;4.596;4.909;0.000
682.098;16.333;13.910;0.000
682.249;5.859;-3.792;0.000
682.400;-5.334;5.998;0.000
682.551;5.140;2.068;0.000
682.702;1.333;-10.002;0.000
682.853;1.210;-1.616;0.000
683.004;9.544;11.385;0.000
683.155;3.017;-3.826;0.000
683.306;0.509;4.333;0.000
683.456;8.087;-6.264;0.000
683.607;9.947;-1.386;0.000
683.758;-10.334;0.438;0.000
683.909;3.403;7.807;0.000
684.060;-0.053;-0.368;0.000
684.211;11.035;13.351;0.000
684.361;2.193;-6.525;0.000
684.512;11.631;6.913;0.000
684.663;-2.491;-8.034;0.000
684.814;4.877;-0.928;0.000
684.965;5.438;1.107;0.000
685.115;7.017;4.370;0.000
685.266;-8.421;3.493;0.000
685.417;6.368;1.424;0.000
685.568;5.193;-2.190;0.000
685.718;0.052;4.249;0.000
685.869;0.403;1.424;0.000
686.020;5.421;-0.804;0.000
686.171;-1.298;12.390;0.000
686.321;8.000;9.741;0.000
686.472;-2.439;-2.452;0.000
686.623;2.193;7.917;0.000
686.773;-4.877;2.110;0.000
686.924;0.035;0.689;0.000
687.075;8.088;8.566;0.000
687.225;0.596;12.497;0.000
687.376;-5.772;-4.696;0.000
687.527;19.386;12.041;0.000
687.677;-0.211;-2.819;0.000
687.828;8.403;2.234;0.000
687.978;2.210;4.024;0.000
688.129;2.070;3.954;0.000
688.280;12.456;5.639;0.000
688.430;10.333;13.112;0.000
688.581;-0.474;-3.501;0.000
688.731;10.947;13.797;0.000
688.882;0.298;0.394;0.000
689.032;-0.667;-6.816;0.000
689.183;1.105;-0.974;0.000
689.334;6.456;-2.044;0.000
689.484;-2.035;2.921;0.000
689.635;2.210;3.728;0.000
689.785;2.088;-0.342;0.000
689.936;10.000;0.273;0.000
690.086;-5.105;-2.534;0.000
690.236;13.298;0.764;0.000
690.387;5.281;-0.463;0.000
690.537;-2.719;6.291;0.000
690.688;1.789;0.449;0.000
690.838;-2.088;2.292;0.000
690.989;3.596;0.906;0.000
691.139;-5.632;-5.024;0.000
691.290;-4.000;-9.936;0.000
691.440;5.807;7.801;0.000
691.590;0.035;-2.655;0.000
691.741;-4.281;-5.742;0.000
691.891;-10.316;-6.005;0.000
692.041;-0.439;-0.496;0.000
692.192;-10.754;0.136;0.000
692.342;7.649;2.943;0.000
692.492;-8.632;7.522;0.000
692.643;1.053;3.786;0.000
692.793;-5.316;-1.863;0.000
692.943;8.702;9.207;0.000
693.094;12.456;-2.775;0.000
693.244;-1.597;3.155;0.000
693.394;-1.684;-2.880;0.000
693.545;6.105;-6.073;0.000
693.695;-1.193;-8.371;0.000
693.845;10.895;1.963;0.000
693.995;5.421;-11.563;0.000
694.146;1.807;-3.861;0.000
694.296;-3.070;1.437;0.000
694.446;13.754;9.701;0.000
694.596;-2.105;-4.948;0.000
694.746;0.263;-0.457;0.000
694.897;-3.930;-4.702;0.000
695.047;7.105;-3.474;0.000
695.197;0.526;-9.088;0.000
695.347;7.684;9.053;0.000
695.497;6.421;-0.947;0.000
695.647;4.193;-2.789;0.000
695.798;-4.175;-14.105;0.000
695.948;9.825;-0.368;0.000
696.098;-3.333;3.596;0.000
696.248;4.123;8.158;0.000
696.398;4.333;4.754;0.000
696.548;13.281;-0.404;0.000
696.698;0.719;3.825;0.000
696.848;11.281;10.684;0.000
696.998;-2.281;2.105;0.000
697.148;5.018;10.193;0.000
697.298;-4.737;-5.088;0.000
697.448;8.211;2.281;0.000
697.599;-6.965;2.684;0.000
697.749;-1.333;13.667;0.000
697.899;0.421;7.842;0.000
698.049;-4.474;-0.263;0.000
698.199;-2.228;-12.105;0.000
698.349;3.158;-3.421;0.000
698.498;-3.579;2.860;0.000
698.648;5.140;2.895;0.000
698.798;0.561;7.632;0.000
698.948;11.930;8.175;0.000
699.098;-5.912;2.719;0.000
699.248;-4.649;-2.737;0.000
699.398;3.368;6.439;0.000
699.548;-2.877;-2.316;0.000
699.698;-1.930;-6.474;0.000
699.848;-4.421;-5.947;0.000
699.998;6.930;-4.772;0.000
700.148;6.263;-10.333;0.000
700.297;16.035;10.667;0.000
700.447;7.088;2.947;0.000
700.597;4.737;6.702;0.000
700.747;2.474;6.123;0.000
700.897;1.193;-4.789;0.000
701.047;7.947;1.298;0.000
701.196;7.386;-2.667;0.000
701.346;11.351;13.667;0.000
701.496;-3.895;-4.351;0.000
701.646;8.263;10.649;0.000
701.796;-5.509;-3.281;0.000
701.945;7.246;11.614;0.000
702.095;-7.211;-0.965;0.000
702.245;3.070;0.281;0.000
702.395;-8.754;-1.842;0.000
702.544;9.789;6.105;0.000
702.694;-2.018;-4.000;0.000
702.844;8.175;0.632;0.000
702.994;4.175;-6.175;0.000
703.143;4.018;8.754;0.000
703.293;6.281;-6.298;0.000
703.443;1.474;-0.263;0.000
703.592;-2.088;-5.368;0.000
703.742;-0.912;1.421;0.000
703.892;1.333;8.877;0.000
704.041;12.105;-2.105;0.000
704.191;-0.228;-10.596;0.000
704.340;2.456;-3.140;0.000
704.490;9.246;-0.982;0.000
704.640;1.614;6.053;0.000
704.789;1.088;2.754;0.000
704.939;0.930;11.684;0.000
705.088;-4.000;-5.772;0.000
705.238;-12.421;0.439;0.000
705.388;0.404;-4.193;0.000
705.537;14.386;-2.140;0.000
705.687;-7.596;-3.789;0.000
705.836;7.088;1.684;0.000
705.986;-7.526;-2.439;0.000
706.135;4.281;-2.035;0.000
706.285;4.158;-0.439;0.000
706.434;8.298;2.000;0.000
706.584;-1.596;-1.439;0.000
706.733;5.702;-1.684;0.000
706.883;-0.228;-2.140;0.000
707.032;2.544;13.000;0.000
707.181;-15.561;-6.491;0.000
707.331;7.404;-8.754;0.000
707.480;-6.211;-9.614;0.000
707.630;3.456;6.491;0.000
707.779;-8.456;-4.649;0.000
707.929;4.807;-0.877;0.000
708.078;6.404;-1.947;0.000
708.227;-2.333;-0.368;0.000
708.377;-0.474;-3.140;0.000
708.526;3.667;9.667;0.000
708.675;-7.526;-13.719;0.000
708.825;12.789;1.895;0.000
708.974;1.053;3.614;0.000
709.123;6.877;2.947;0.000
709.273;0.211;-10.281;0.000
709.422;5.544;-1.596;0.000
709.571;-4.632;-7.228;0.000
709.721;6.053;3.509;0.000
709.870;-2.316;-10.544;0.000
710.019;3.000;1.860;0.000
710.169;-4.895;-5.561;0.000
710.318;12.649;7.298;0.000
710.467;-6.614;0.298;0.000
710.616;7.439;6.561;0.000
710.765;-6.526;-5.930;0.000
710.915;11.246;0.965;0.000
711.064;-5.737;-16.368;0.000
711.213;3.596;3.772;0.000
711.362;-8.509;-3.544;0.000
711.512;1.088;0.930;0.000
711.661;-5.439;-5.965;0.000
711.810;-0.965;12.579;0.000
711.959;5.351;-5.825;0.000
712.108;10.263;3.228;0.000
712.257;-3.228;-10.947;0.000
712.406;6.877;5.912;0.000
712.556;-5.930;-3.632;0.000
712.705;-3.772;2.737;0.000
712.854;2.158;-3.386;0.000
713.003;7.614;-1.456;0.000
713.152;-1.561;2.088;0.000
713.301;1.158;-8.228;0.000
713.450;-3.105;-8.877;0.000
713.599;-0.632;4.456;0.000
713.748;-2.860;3.684;0.000
713.897;-2.070;-3.719;0.000
714.046;-4.842;-1.982;0.000
714.195;4.684;7.947;0.000
714.344;-4.737;-2.386;0.000
714.493;-1.193;-8.526;0.000
714.642;6.474;-3.404;0.000
714.791;-3.228;7.105;0.000
714.940;-10.877;-5.404;0.000
715.089;1.912;5.193;0.000
715.238;2.421;-15.298;0.000
715.387;14.105;10.158;0.000
715.536;-10.386;-9.860;0.000
715.685;-0.772;8.211;0.000
715.834;-2.877;-2.316;0.000
715.983;6.561;5.912;0.000
716.132;0.070;-4.649;0.000
716.280;12.439;-4.789;0.000
716.429;1.281;-6.281;0.000
716.578;-3.439;-4.333;0.000
716.727;-7.123;-11.263;0.000
716.876;-0.351;0.772;0.000
717.025;-4.351;-7.789;0.000
717.174;-3.158;1.140;0.000
717.322;0.649;-5.228;0.000
717.471;4.719;-1.509;0.000
717.620;-11.807;-4.053;0.000
717.769;10.053;-1.965;0.000
717.918;-3.351;-7.053;0.000
718.066;7.456;-0.281;0.000
718.215;-3.456;-9.702;0.000
718.364;8.684;-1.386;0.000
718.513;-13.947;-12.526;0.000
718.661;0.544;6.632;0.000
718.810;-13.930;-3.421;0.000
718.959;4.088;1.070;0.000
719.108;-7.351;-5.754;0.000
719.256;0.368;5.158;0.000
719.405;-6.298;1.439;0.000
719.554;-0.842;8.351;0.000
719.702;-5.509;-6.386;0.000
719.851;5.772;2.193;0.000
720.000;-20.246;-2.632;0.000
720.148;13.158;9.842;0.000
720.297;3.596;2.281;0.000
720.446;-4.439;1.123;0.000
720.594;-5.860;-7.667;0.000
720.743;3.193;3.246;0.000
720.891;4.035;-10.123;0.000
721.040;-2.404;10.614;0.000
721.189;-3.877;-4.895;0.000
721.337;9.211;-1.789;0.000
721.486;-1.982;-14.947;0.000
721.634;-7.877;11.860;0.000
721.783;-6.474;-5.982;0.000
721.931;4.298;4.807;0.000
722.080;4.667;-9.035;0.000
722.228;8.965;7.719;0.000
722.377;-12.614;-12.895;0.000
722.525;-3.895;2.807;0.000
722.674;2.018;-0.982;0.000
722.822;9.298;6.053;0.000
722.971;-11.614;-5.351;0.000
723.119;5.772;5.895;0.000
723.268;-7.737;-16.298;0.000
723.416;0.404;3.123;0.000
723.565;-12.158;-11.754;0.000
723.713;5.825;6.614;0.000
723.862;2.088;-2.860;0.000
724.010;2.246;1.684;0.000
724.158;-3.544;1.368;0.000
724.307;4.105;5.421;0.000
724.455;-6.947;-7.702;0.000
724.604;8.912;5.895;0.000
724.752;-6.368;-5.193;0.000
724.900;12.404;1.088;0.000
725.049;-8.368;-7.018;0.000
725.197;3.316;0.228;0.000
725.345;-1.579;-2.772;0.000
725.494;3.175;3.544;0.000
725.642;9.035;-3.228;0.000
725.790;2.754;-4.070;0.000
725.938;-10.719;-2.754;0.000
726.087;7.719;6.298;0.000
726.235;-2.474;1.193;0.000
726.383;6.895;0.228;0.000
726.531;3.860;-9.877;0.000
726.680;-9.930;-0.772;0.000
726.828;9.000;-4.930;0.000
726.976;9.965;-5.246;0.000
727.124;5.246;-5.053;0.000
727.273;7.439;7.596;0.000
727.421;-1.632;-1.439;0.000
727.569;11.614;-1.842;0.000
727.717;-10.684;-2.035;0.000
727.865;-1.351;3.877;0.000
728.013;-9.614;5.263;0.000
728.162;5.649;7.649;0.000
728.310;-4.877;-6.825;0.000
728.458;5.351;-4.246;0.000
728.606;-2.772;-5.175;0.000
728.754;3.877;10.193;0.000
728.902;-5.035;0.596;0.000
729.050;4.105;2.860;0.000
729.198;-14.123;-2.281;0.000
729.346;17.333;1.123;0.000
729.495;-1.421;3.351;0.000
729.643;-4.754;-8.018;0.000
729.791;-2.930;-3.491;0.000
729.939;-7.895;4.509;0.000
730.087;4.263;-1.702;0.000
730.235;-3.351;-1.351;0.000
730.383;0.596;-14.228;0.000
730.531;9.193;-2.474;0.000
730.679;-2.070;1.439;0.000
730.827;-0.807;-2.246;0.000
730.975;3.754;5.158;0.000
731.123;2.088;11.263;0.000
731.271;-6.263;-10.491;0.000
731.419;6.351;-3.140;0.000
731.566;3.088;-0.860;0.000
731.714;4.316;-0.544;0.000
731.862;-7.702;-2.281;0.000
732.010;-4.246;-2.895;0.000
732.158;-7.632;-5.561;0.000
732.306;4.263;9.421;0.000
732.454;-1.561;-11.263;0.000
732.602;12.000;3.772;0.000
732.750;-10.947;0.895;0.000
732.897;-3.070;-2.982;0.000
733.045;-2.000;0.526;0.000
733.193;19.439;11.421;0.000
733.341;-0.474;0.965;0.000
733.489;7.175;3.947;0.000
733.637;-11.281;-3.737;0.000
733.784;5.263;-5.386;0.000
733.932;-11.509;-4.842;0.000
734.080;-0.789;7.860;0.000
734.228;3.807;-7.719;0.000
734.375;4.246;-3.632;0.000
734.523;-12.175;3.912;0.000
734.671;9.070;-3.263;0.000
734.819;-5.228;-12.105;0.000
734.966;-1.860;-2.667;0.000
735.114;-4.807;-13.439;0.000
735.262;10.158;11.211;0.000
735.409;-2.000;1.842;0.000
735.557;4.579;-1.544;0.000
735.705;0.702;-2.211;0.000
735.852;7.649;-9.246;0.000
736.000;-4.246;0.088;0.000
736.148;7.737;7.807;0.000
736.295;-5.702;8.000;0.000
736.443;13.842;11.912;0.000
736.591;-11.737;-13.333;0.000
736.738;-3.333;13.509;0.000
736.886;0.982;2.544;0.000
737.033;2.351;-7.912;0.000
737.181;-4.807;-7.123;0.000
737.329;3.702;3.649;0.000
737.476;3.509;-4.947;0.000
737.624;3.035;5.895;0.000
737.771;-9.018;-5.825;0.000
737.919;-0.228;9.526;0.000
738.066;-1.140;-1.263;0.000
738.214;4.544;2.491;0.000
738.361;-12.070;-6.053;0.000
738.509;0.737;3.719;0.000
738.656;2.965;3.404;0.000
738.804;6.070;3.281;0.000
738.951;-12.842;-8.526;0.000
739.099;-12.018;-2.298;0.000
739.246;-3.754;0.316;0.000
739.394;2.561;-2.246;0.000
739.541;-1.088;3.018;0.000
739.688;7.860;4.123;0.000
739.836;-4.684;-7.053;0.000
739.983;2.596;2.860;0.000
740.131;-5.474;-13.912;0.000
740.278;8.807;-10.491;0.000
740.425;1.526;0.754;0.000
740.573;-9.193;0.175;0.000
740.720;-6.333;-2.175;0.000
740.867;-2.842;-0.789;0.000
741.015;2.456;-3.632;0.000
741.162;4.246;4.877;0.000
741.309;1.175;-8.825;0.000
741.457;-3.088;3.947;0.000
741.604;-8.737;-17.737;0.000
741.751;6.000;-0.228;0.000
741.898;7.702;-11.281;0.000
742.046;8.193;0.614;0.000
742.193;-4.298;-7.526;0.000
742.340;6.333;2.982;0.000
742.487;-11.211;8.737;0.000
742.635;2.649;5.947;0.000
742.782;-1.333;-2.175;0.000
742.929;5.421;0.842;0.000
743.076;-6.632;0.965;0.000
743.224;2.368;2.667;0.000
743.371;-3.421;-8.895;0.000
743.518;6.491;-2.088;0.000
743.665;-0.140;-0.825;0.000
743.812;3.281;4.281;0.000
743.959;-3.018;0.649;0.000
744.106;3.965;2.719;0.000
744.254;-6.579;1.228;0.000
744.401;7.544;-1.035;0.000
744.548;2.035;-1.807;0.000
744.695;2.754;3.912;0.000
744.842;-5.912;-3.228;0.000
744.989;7.404;-0.193;0.000
745.136;-11.895;-11.351;0.000
745.283;1.789;2.333;0.000
745.430;-6.947;-5.772;0.000
745.577;9.140;1.404;0.000
745.724;5.070;-5.053;0.000
745.871;-1.561;3.140;0.000
746.018;-2.982;-19.246;0.000
746.165;-4.404;7.351;0.000
746.312;-1.719;3.842;0.000
746.459;1.228;6.754;0.000
746.606;-1.632;-4.491;0.000
746.753;-3.316;-3.105;0.000
746.900;-8.175;-8.386;0.000
747.047;-0.789;8.105;0.000
747.194;4.895;3.947;0.000
747.341;-6.053;7.140;0.000
747.488;-1.351;-7.316;0.000
747.635;2.509;-2.860;0.000
747.782;2.263;-0.298;0.000
747.929;2.368;5.965;0.000
748.076;-1.719;-4.140;0.000
748.222;8.193;8.053;0.000
748.369;-5.439;-0.298;0.000
748.516;4.246;-4.386;0.000
748.663;-11.035;-1.351;0.000
748.810;5.298;-3.404;0.000
748.957;-1.719;-7.579;0.000
749.103;3.439;1.246;0.000
749.250;4.281;2.596;0.000
749.397;3.596;3.684;0.000
749.544;0.772;-6.298;0.000
749.691;-0.439;3.702;0.000
749.837;-10.544;4.772;0.000
749.984;5.158;-1.982;0.000
750.131;-5.351;-9.930;0.000
750.278;6.263;3.947;0.000
750.424;-3.281;-12.123;0.000
750.571;8.596;5.123;0.000
750.718;-3.632;-1.018;0.000
750.864;1.140;4.193;0.000
751.011;1.316;0.509;0.000
751.158;10.368;3.825;0.000
751.304;-14.316;1.404;0.000
751.451;-4.614;-3.281;0.000
751.598;-9.368;-8.526;0.000
751.744;-18.404;-14.404;0.000
751.891;0.719;3.000;0.000
752.038;-1.281;7.263;0.000
752.184;0.474;-5.000;0.000
752.331;1.789;-2.123;0.000
752.477;-0.333;0.789;0.000
752.624;8.772;0.123;0.000
752.771;-9.877;-13.947;0.000
752.917;3.368;-3.614;0.000
753.064;-9.561;-10.719;0.000
753.210;4.544;3.947;0.000
753.357;-14.298;-0.596;0.000
753.503;0.684;2.140;0.000
753.650;-8.526;-12.860;0.000
753.796;-2.456;1.842;0.000
753.943;-0.193;-1.263;0.000
754.089;1.351;1.246;0.000
754.236;0.561;-2.737;0.000
754.382;-2.088;1.140;0.000
754.529;4.211;-2.737;0.000
754.675;3.667;10.439;0.000
754.822;-13.544;-4.579;0.000
754.968;-7.579;-2.702;0.000
755.115;-13.035;-7.702;0.000
755.261;-13.228;-8.404;0.000
755.407;-7.000;-1.877;0.000
755.554;-1.123;8.333;0.000
755.700;-5.140;-9.754;0.000
755.846;10.877;-9.596;0.000
755.993;-2.667;-3.596;0.000
756.139;2.842;-4.000;0.000
756.286;-11.719;-12.404;0.000
756.432;5.772;0.789;0.000
756.578;-5.895;-7.877;0.000
756.725;3.561;-1.614;0.000
756.871;-10.351;-9.035;0.000
757.017;-3.263;8.912;0.000
757.163;-5.316;-5.526;0.000
757.310;9.789;-13.035;0.000
757.456;-2.368;-0.211;0.000
757.602;-2.614;-2.912;0.000
757.748;-2.526;17.158;0.000
757.895;0.632;0.351;0.000
758.041;-6.702;-9.456;0.000
758.187;10.789;6.579;0.000
758.333;-3.807;-3.491;0.000
758.480;3.175;-3.211;0.000
758.626;-9.439;-4.842;0.000
758.772;5.053;-0.684;0.000
758.918;-0.140;0.667;0.000
759.064;-5.439;-8.263;0.000
759.210;-10.684;-3.211;0.000
759.357;2.807;8.298;0.000
759.503;-7.877;0.228;0.000
759.649;2.842;8.754;0.000
759.795;5.000;-0.105;0.000
759.941;7.333;-5.825;0.000
760.087;-7.158;-3.632;0.000
760.233;7.912;8.667;0.000
760.379;-8.333;-4.526;0.000
760.525;5.667;6.368;0.000
760.671;3.509;-1.316;0.000
760.817;6.193;-8.281;0.000
760.963;-5.035;-7.789;0.000
761.110;9.228;5.842;0.000
761.256;3.965;5.895;0.000
761.402;-0.281;-5.474;0.000
761.548;-2.105;-3.018;0.000
761.694;9.018;5.421;0.000
761.840;-8.386;-0.877;0.000
761.985;-2.386;-0.895;0.000
762.131;-6.561;-5.404;0.000
762.277;-8.684;0.526;0.000
762.423;-2.281;1.491;0.000
762.569;6.895;0.351;0.000
762.715;-1.825;-4.053;0.000
762.861;2.211;2.193;0.000
763.007;-6.807;1.544;0.000
763.153;10.421;-0.211;0.000
763.299;-9.702;-12.474;0.000
763.445;-0.860;11.421;0.000
763.591;-12.175;-0.509;0.000
763.736;1.228;1.281;0.000
763.882;-4.281;0.140;0.000
764.028;11.281;4.368;0.000
764.174;-3.281;-3.018;0.000
764.320;-6.193;-1.526;0.000
764.466;1.263;-0.193;0.000
764.611;0.737;2.895;0.000
764.757;-13.772;-16.737;0.000
764.903;12.649;5.193;0.000
765.049;-1.491;0.263;0.000
765.194;-1.351;3.158;0.000
765.340;-7.035;2.421;0.000
765.486;-1.895;-7.386;0.000
765.632;-3.807;-8.579;0.000
765.777;-5.439;6.579;0.000
765.923;-0.596;-9.930;0.000
766.069;-0.509;-1.526;0.000
766.214;-9.018;-12.649;0.000
766.360;5.386;-5.053;0.000
766.506;-4.632;-11.000;0.000
766.651;5.368;10.246;0.000
766.797;0.333;-4.351;0.000
766.943;12.842;2.088;0.000
767.088;-0.737;-7.684;0.000
767.234;9.053;5.807;0.000
767.380;-7.684;-4.140;0.000
767.525;-4.281;4.175;0.000
767.671;-2.491;-4.789;0.000
767.816;5.649;-1.754;0.000
767.962;-6.158;2.035;0.000
768.108;-2.772;1.930;0.000
768.253;7.544;-7.632;0.000
768.399;13.807;2.088;0.000
768.544;-3.667;0.684;0.000
768.690;-2.351;-4.228;0.000
768.835;-0.263;-14.386;0.000
768.981;3.930;-3.439;0.000
769.126;3.667;2.596;0.000
769.272;-5.877;4.860;0.000
769.417;-14.123;-6.965;0.000
769.563;3.544;-6.298;0.000
769.708;2.947;-0.439;0.000
769.854;1.070;-2.000;0.000
769.999;6.193;1.105;0.000
770.144;-4.789;-4.649;0.000
770.290;2.333;-5.737;0.000
770.435;2.772;2.632;0.000
770.581;-0.333;-3.860;0.000
770.726;-1.351;-0.895;0.000
770.871;-15.351;-7.667;0.000
771.017;2.404;2.930;0.000
771.162;-5.825;-5.877;0.000
771.308;10.439;3.368;0.000
771.453;-1.281;5.719;0.000
771.598;-4.298;-9.684;0.000
771.744;-2.561;-4.421;0.000
771.889;7.526;5.772;0.000
772.034;0.228;-6.351;0.000
772.179;6.877;0.877;0.000
772.325;-6.000;-2.246;0.000
772.470;1.842;-3.368;0.000
772.615;-9.860;-8.737;0.000
772.761;-5.789;0.702;0.000
772.906;1.860;-2.123;0.000
773.051;6.719;-0.246;0.000
773.196;-15.895;-5.316;0.000
773.341;-4.281;10.579;0.000
773.487;-9.772;-1.018;0.000
773.632;6.491;3.789;0.000
773.777;-1.772;0.281;0.000
773.922;5.105;6.544;0.000
774.067;-5.860;8.140;0.000
774.213;4.719;3.263;0.000
774.358;-13.509;-1.632;0.000
774.503;2.614;-0.246;0.000
774.648;-10.579;0.386;0.000
774.793;9.860;2.140;0.000
774.938;-6.351;0.825;0.000
775.083;9.912;8.421;0.000
775.228;-7.351;-2.930;0.000
775.373;3.526;0.965;0.000
775.519;-4.772;-4.596;0.000
775.664;0.158;11.035;0.000
775.809;-11.947;-6.965;0.000
775.954;-5.842;4.895;0.000
776.099;-13.719;-1.088;0.000
776.244;3.895;2.860;0.000
776.389;-4.860;-3.158;0.000
776.534;1.211;9.281;0.000
776.679;5.386;6.789;0.000
776.824;8.123;-1.263;0.000
776.969;36.947;33.965;0.000
777.114;58.754;48.561;0.000
777.259;51.772;41.982;0.000
777.404;46.754;38.368;0.000
777.548;15.789;14.158;0.000
777.693;9.439;7.316;0.000
777.838;-2.789;-17.386;0.000
777.983;-5.526;-0.947;0.000
778.128;-6.667;-8.702;0.000
778.273;1.281;3.947;0.000
778.418;-5.860;-0.456;0.000
778.563;4.070;7.281;0.000
778.708;-1.123;3.175;0.000
778.852;3.211;-5.351;0.000
778.997;-15.175;-3.246;0.000
779.142;3.614;-0.632;0.000
779.287;3.474;-7.228;0.000
779.432;-2.807;3.982;0.000
779.577;-0.053;-3.719;0.000
779.721;4.947;-12.702;0.000
779.866;-22.140;-2.298;0.000
780.011;-0.018;2.088;0.000
780.156;-9.544;-3.684;0.000
780.300;6.088;-4.211;0.000
780.445;-0.860;-9.158;0.000
780.590;-5.053;10.140;0.000
780.735;-1.193;-11.649;0.000
780.879;11.930;3.211;0.000
781.024;-5.386;-2.123;0.000
781.169;3.088;-4.982;0.000
781.313;-7.491;-1.228;0.000
781.458;-5.421;-1.842;0.000
781.603;-4.737;-5.982;0.000
781.747;3.947;0.456;0.000
781.892;0.000;-8.860;0.000
782.037;-1.789;-3.333;0.000
782.181;-7.123;-10.474;0.000
782.326;-0.474;5.825;0.000
782.470;-4.175;-5.123;0.000
782.615;2.386;-10.895;0.000
782.760;-4.772;1.702;0.000
782.904;10.614;12.719;0.000
783.049;0.965;3.105;0.000
783.193;14.930;3.544;0.000
783.338;-3.211;2.719;0.000
783.482;6.561;7.158;0.000
783.627;-12.439;-12.070;0.000
783.771;2.018;2.263;0.000
783.916;-3.368;3.982;0.000
784.060;13.193;-0.421;0.000
784.205;-2.211;-1.579;0.000
784.349;4.754;-2.123;0.000
784.494;1.930;0.667;0.000
784.638;-4.649;-0.193;0.000
784.783;-10.930;2.070;0.000
784.927;0.895;-3.702;0.000
785.072;1.544;0.333;0.000
785.216;-2.614;0.947;0.000
785.360;-11.579;-2.772;0.000
785.505;-1.649;5.579;0.000
785.649;-2.614;-5.105;0.000
785.793;0.544;2.649;0.000
785.938;-14.526;-10.456;0.000
786.082;4.526;11.684;0.000
786.227;4.842;-4.333;0.000
786.371;5.123;-1.579;0.000
786.515;-5.526;-4.684;0.000
786.660;-1.474;-4.491;0.000
786.804;-5.596;-4.263;0.000
786.948;-0.789;3.070;0.000
787.092;-4.719;0.772;0.000
787.237;-2.000;4.895;0.000
787.381;-5.263;-7.719;0.000
787.525;9.825;3.702;0.000
787.669;-10.579;-11.982;0.000
787.814;14.351;0.947;0.000
787.958;-7.140;-6.316;0.000
788.102;-0.596;0.561;0.000
788.246;5.018;-2.895;0.000
788.391;2.684;1.877;0.000
788.535;-2.772;-7.298;0.000
788.679;11.456;6.211;0.000
788.823;-10.158;-4.632;0.000
788.967;-1.263;-0.316;0.000
789.111;-7.947;3.561;0.000
789.256;1.579;0.842;0.000
789.400;-12.421;0.930;0.000
789.544;-1.772;0.123;0.000
789.688;-3.895;4.105;0.000
789.832;-3.246;6.175;0.000
789.976;-2.105;0.246;0.000
790.120;-3.456;-4.754;0.000
790.264;-7.088;-4.088;0.000
790.408;11.930;10.825;0.000
790.552;-4.982;-14.211;0.000
790.696;-0.772;-1.193;0.000
790.840;-0.982;-2.579;0.000
790.984;-0.965;10.789;0.000
791.128;0.737;-8.702;0.000
791.272;2.912;2.947;0.000
791.416;-2.368;1.333;0.000
791.560;3.456;-8.877;0.000
791.704;-2.193;-1.246;0.000
791.848;-5.439;-5.474;0.000
791.992;-2.860;1.684;0.000
792.136;-6.754;-4.368;0.000
792.280;-2.123;-8.807;0.000
792.424;15.053;-7.070;0.000
792.568;-12.298;-9.158;0.000
792.712;7.667;0.614;0.000
792.856;-6.263;-0.860;0.000
793.000;1.754;8.316;0.000
793.144;-1.860;1.965;0.000
793.287;6.070;-0.632;0.000
793.431;-14.596;-5.053;0.000
793.575;4.684;6.281;0.000
793.719;-0.211;-12.105;0.000
793.863;2.474;2.140;0.000
794.007;-9.947;-0.544;0.000
794.150;5.579;5.368;0.000
794.294;-10.965;-0.298;0.000
794.438;8.228;4.246;0.000
794.582;-10.193;1.789;0.000
794.725;10.947;13.807;0.000
794.869;-10.421;-0.667;0.000
795.013;1.474;-1.982;0.000
795.157;3.281;-1.491;0.000
795.300;2.088;1.175;0.000
795.444;-3.579;-7.386;0.000
795.588;7.298;1.228;0.000
795.732;-1.035;-7.825;0.000
795.875;3.105;-4.140;0.000
796.019;-4.211;-10.649;0.000
796.163;7.825;-2.193;0.000
796.306;-10.807;-0.456;0.000
796.450;4.807;3.333;0.000
796.593;-5.842;-7.421;0.000
796.737;1.684;-4.123;0.000
796.881;-10.263;-4.333;0.000
797.024;3.649;0.860;0.000
797.168;-2.333;-9.614;0.000
797.311;1.281;-0.719;0.000
797.455;0.614;-10.947;0.000
797.599;-1.281;2.912;0.000
797.742;-19.860;-11.491;0.000
797.886;5.053;12.684;0.000
798.029;-14.105;-1.491;0.000
798.173;3.053;0.421;0.000
798.316;-1.088;-9.526;0.000
798.460;7.193;8.947;0.000
798.603;6.614;-1.070;0.000
798.747;-10.737;2.842;0.000
798.890;-7.175;-4.246;0.000
799.034;6.947;2.772;0.000
799.177;-4.684;-8.000;0.000
799.321;2.561;1.474;0.000
799.464;-2.842;-0.298;0.000
799.607;6.825;5.544;0.000
799.751;-9.895;-5.632;0.000
799.894;-3.140;3.088;0.000
800.038;-15.368;2.772;0.000
800.181;7.018;1.035;0.000
800.324;2.000;-6.491;0.000
800.468;7.982;-1.947;0.000
800.611;5.474;6.632;0.000
800.754;3.737;-1.316;0.000
800.898;-1.193;-8.509;0.000
801.041;9.544;11.825;0.000
801.184;-2.842;-5.825;0.000
801.328;-2.614;0.667;0.000
801.471;-5.667;-14.018;0.000
801.614;-1.211;0.947;0.000
801.758;-13.193;-13.018;0.000
801.901;7.035;6.281;0.000
802.044;1.719;-8.368;0.000
802.187;-1.123;3.088;0.000
802.331;-3.228;3.947;0.000
802.474;9.439;-0.439;0.000
802.617;-9.070;-8.246;0.000
802.760;2.404;-1.632;0.000
802.903;-2.649;-1.123;0.000
803.047;-2.281;5.579;0.000
803.190;2.386;-3.632;0.000
803.333;2.158;3.211;0.000
803.476;-4.596;-9.667;0.000
803.619;7.895;6.737;0.000
803.762;-8.439;-2.140;0.000
803.906;-9.965;5.018;0.000
804.049;-10.351;-6.649;0.000
804.192;8.930;3.737;0.000
804.335;-5.684;-10.105;0.000
804.478;2.491;-4.456;0.000
804.621;-7.754;-6.175;0.000
804.764;5.263;1.421;0.000
804.907;-4.035;-3.421;0.000
805.050;4.509;-2.667;0.000
805.193;-7.719;-1.018;0.000
805.336;8.404;4.368;0.000
805.479;-2.842;-8.035;0.000
805.622;5.526;3.351;0.000
805.765;-2.070;-10.719;0.000
805.908;8.070;10.123;0.000
806.051;3.018;3.193;0.000
806.194;-2.070;0.649;0.000
806.337;-1.298;-6.018;0.000
806.480;9.491;-6.351;0.000
806.623;-11.421;1.298;0.000
806.766;11.912;4.772;0.000
806.909;-5.596;-11.123;0.000
807.052;4.228;8.316;0.000
807.195;-10.684;-3.158;0.000
807.338;-0.404;6.140;0.000
807.480;-5.561;-15.912;0.000
807.623;-5.316;7.298;0.000
807.766;-4.175;4.211;0.000
807.909;9.491;-1.579;0.000
808.052;-4.930;-3.614;0.000
808.195;2.526;-6.684;0.000
808.337;5.316;-1.789;0.000
808.480;2.421;5.877;0.000
808.623;-3.649;4.825;0.000
808.766;-3.860;9.053;0.000
808.909;-1.614;-4.333;0.000
809.051;0.719;-2.632;0.000
809.194;-8.386;1.719;0.000
809.337;7.246;1.421;0.000
809.480;2.825;-6.860;0.000
809.622;6.807;4.684;0.000
809.765;3.544;-10.456;0.000
809.908;-4.456;6.596;0.000
810.050;-10.789;-3.737;0.000
810.193;11.491;0.439;0.000
810.336;-6.088;-7.175;0.000
810.478;-0.263;13.351;0.000
810.621;-9.842;-2.842;0.000
810.764;5.737;-2.474;0.000
810.906;-16.351;-10.018;0.000
811.049;2.544;-1.579;0.000
811.192;-8.825;-0.684;0.000
811.334;27.912;19.509;0.000
811.477;-6.544;-8.895;0.000
811.619;4.070;-1.579;0.000
811.762;-2.930;-6.088;0.000
811.904;4.491;-0.930;0.000
812.047;-15.982;-8.474;0.000
812.190;6.772;-5.789;0.000
812.332;-8.860;3.281;0.000
812.475;2.737;-10.860;0.000
812.617;0.474;6.175;0.000
812.760;2.018;-9.404;0.000
812.902;-5.579;-5.123;0.000
813.045;3.404;3.404;0.000
813.187;-10.316;-4.860;0.000
813.330;-4.982;-5.088;0.000
813.472;0.175;8.211;0.000
813.614;0.965;9.982;0.000
813.757;-0.404;-5.263;0.000
813.899;1.140;6.368;0.000
814.042;2.351;-1.281;0.000
814.184;-8.053;0.684;0.000
814.326;-0.088;-12.719;0.000
814.469;0.211;2.456;0.000
814.611;-11.947;-6.281;0.000
814.754;11.474;0.175;0.000
814.896;2.754;-2.807;0.000
815.038;-4.316;14.579;0.000
815.181;0.351;-1.965;0.000
815.323;-8.281;3.825;0.000
815.465;2.982;-7.070;0.000
815.608;0.421;4.649;0.000
815.750;-1.158;-5.246;0.000
815.892;7.737;-3.509;0.000
816.034;3.632;-2.772;0.000
816.177;6.912;1.842;0.000
816.319;-9.368;-6.456;0.000
816.461;7.877;0.439;0.000
816.603;-5.211;-0.614;0.000
816.746;7.439;-1.667;0.000
816.888;-3.860;-0.789;0.000
817.030;10.667;-0.912;0.000
817.172;-3.930;3.000;0.000
817.314;0.649;-1.860;0.000
817.457;-0.544;-4.193;0.000
817.599;4.895;3.158;0.000
817.741;-15.491;5.579;0.000
817.883;8.421;-0.386;0.000
818.025;2.246;-17.035;0.000
818.167;2.947;8.000;0.000
818.309;-0.965;-8.298;0.000
818.451;1.544;1.526;0.000
818.594;-1.175;-5.105;0.000
818.736;7.947;-3.474;0.000
818.878;-0.018;-5.158;0.000
819.020;12.842;-8.175;0.000
819.162;-5.474;1.789;0.000
819.304;9.351;-6.404;0.000
819.446;-13.018;-10.474;0.000
819.588;5.842;3.965;0.000
819.730;-5.123;0.789;0.000
819.872;-1.561;-2.000;0.000
820.014;0.667;5.000;0.000
820.156;5.860;9.930;0.000
820.298;0.579;-2.439;0.000
820.440;0.246;0.000;0.000
820.582;-11.474;-3.825;0.000
820.724;0.140;-5.123;0.000
820.866;7.491;-2.860;0.000
821.007;-7.368;-2.491;0.000
821.149;-3.614;0.807;0.000
821.291;0.246;-5.912;0.000
821.433;-5.719;-3.509;0.000
821.575;7.772;-0.719;0.000
821.717;-17.474;-12.035;0.000
821.859;-2.930;15.965;0.000
822.001;2.175;-4.526;0.000
822.142;2.561;-1.474;0.000
822.284;-8.702;-3.982;0.000
822.426;-5.246;-0.456;0.000
822.568;-9.947;-3.474;0.000
822.710;-9.825;-0.965;0.000
822.851;3.684;-0.018;0.000
822.993;11.368;18.281;0.000
823.135;-0.246;-0.070;0.000
823.277;7.035;-9.614;0.000
823.418;0.158;-4.386;0.000
823.560;-0.754;0.246;0.000
823.702;-0.544;-5.842;0.000
823.844;-4.667;-1.123;0.000
823.985;1.965;-3.719;0.000
824.127;3.632;-3.737;0.000
824.269;-7.070;-8.684;0.000
824.410;3.404;0.789;0.000
824.552;-2.544;1.877;0.000
824.694;4.702;7.333;0.000
824.835;-12.614;-8.912;0.000
824.977;-3.860;10.088;0.000
825.119;-10.456;-8.877;0.000
825.260;-3.807;-4.263;0.000
825.402;1.018;-1.684;0.000
825.543;9.193;-7.246;0.000
825.685;-4.561;-9.772;0.000
825.826;16.965;1.561;0.000
825.968;-2.702;-3.509;0.000
826.110;-3.579;0.930;0.000
826.251;-3.211;-1.439;0.000
826.393;2.281;0.702;0.000
826.534;-0.842;-4.860;0.000
826.676;10.281;-3.211;0.000
826.817;-5.316;2.421;0.000
826.959;-6.526;3.070;0.000
827.100;-12.456;-5.035;0.000
827.242;7.211;-5.140;0.000
827.383;-7.158;0.947;0.000
827.524;3.211;-1.404;0.000
827.666;-9.386;-2.789;0.000
827.807;-2.912;-1.579;0.000
827.949;2.491;-9.158;0.000
828.090;18.947;8.263;0.000
828.232;5.175;-6.474;0.000
828.373;5.807;2.035;0.000
828.514;-2.228;-6.000;0.000
828.656;1.281;8.211;0.000
828.797;-3.544;-8.404;0.000
828.938;4.807;3.018;0.000
829.080;-12.018;-12.386;0.000
829.221;-3.035;1.491;0.000
829.362;-13.140;-0.772;0.000
829.504;-4.544;7.561;0.000
829.645;-5.596;-6.965;0.000
829.786;14.000;9.474;0.000
829.927;-2.386;0.123;0.000
830.069;2.930;11.421;0.000
830.210;1.561;-7.351;0.000
830.351;19.491;-2.982;0.000
830.492;-0.368;-1.614;0.000
830.634;5.404;4.842;0.000
830.775;-9.842;-6.439;0.000
830.916;3.175;7.421;0.000
831.057;4.982;9.105;0.000
831.198;-1.684;-8.509;0.000
831.340;-14.561;-0.702;0.000
831.481;4.526;17.632;0.000
831.622;3.333;-4.456;0.000
831.763;-10.333;-1.263;0.000
831.904;-10.807;-5.895;0.000
832.045;14.105;1.246;0.000
832.186;-0.895;-12.474;0.000
832.327;8.035;8.614;0.000
832.469;-2.807;-0.860;0.000
832.610;3.561;1.123;0.000
832.751;2.228;-7.211;0.000
832.892;1.088;2.579;0.000
833.033;-4.175;-10.333;0.000
833.174;0.544;4.263;0.000
833.315;-7.228;0.246;0.000
833.456;1.649;-6.351;0.000
833.597;0.965;6.175;0.000
833.738;-2.246;0.140;0.000
833.879;-15.632;-13.333;0.000
834.020;2.088;1.579;0.000
834.161;-7.526;-7.579;0.000
834.302;8.877;2.158;0.000
834.443;1.439;-10.386;0.000
834.584;7.456;-5.947;0.000
834.725;-10.088;-8.316;0.000
834.865;-4.456;4.263;0.000
835.006;-8.579;-3.614;0.000
835.147;0.123;2.246;0.000
835.288;-4.368;-7.439;0.000
835.429;5.772;8.561;0.000
835.570;-6.298;-0.123;0.000
835.711;-1.140;-0.596;0.000
835.852;-12.281;-14.895;0.000
835.992;3.351;-2.158;0.000
836.133;1.018;-0.947;0.000
836.274;-4.333;-3.246;0.000
836.415;-0.263;-2.491;0.000
836.556;4.123;-2.491;0.000
836.696;-4.404;-6.386;0.000
836.837;4.684;5.456;0.000
836.978;0.456;-1.035;0.000
837.119;3.772;6.088;0.000
837.259;3.333;1.842;0.000
837.400;-1.579;2.070;0.000
837.541;-0.596;-13.035;0.000
837.682;3.105;-5.895;0.000
837.822;-3.018;-7.754;0.000
837.963;-3.632;-16.421;0.000
838.104;-3.596;-8.246;0.000
838.244;-9.561;6.754;0.000
838.385;-2.140;-5.333;0.000
838.526;3.596;-5.561;0.000
838.666;-6.544;-8.737;0.000
838.807;-4.789;-7.526;0.000
838.947;-8.351;-10.000;0.000
839.088;4.754;0.158;0.000
839.229;1.579;1.807;0.000
839.369;-7.965;4.018;0.000
839.510;1.386;-1.298;0.000
839.650;-5.474;-3.386;0.000
839.791;-0.719;-11.088;0.000
839.931;8.298;-8.421;0.000
840.072;-7.930;-2.105;0.000
840.212;-3.211;-1.860;0.000
840.353;-17.544;-4.263;0.000
840.493;-6.368;-0.386;0.000
840.634;-12.386;-7.632;0.000
840.774;8.807;1.439;0.000
840.915;1.947;-8.860;0.000
841.055;3.684;-5.614;0.000
841.196;-4.439;0.263;0.000
841.336;0.912;0.947;0.000
841.477;-2.351;-12.333;0.000
841.617;8.649;0.982;0.000
841.757;-10.368;-7.298;0.000
841.898;5.439;1.965;0.000
842.038;-7.684;-14.316;0.000
842.179;2.298;5.930;0.000
842.319;-4.246;-5.526;0.000
842.459;8.649;0.947;0.000
842.600;-1.175;3.544;0.000
842.740;4.579;0.123;0.000
842.880;2.491;-0.140;0.000
843.021;6.825;6.333;0.000
843.161;-4.123;-10.982;0.000
843.301;7.281;9.877;0.000
843.442;-13.614;-3.088;0.000
843.582;8.982;-0.298;0.000
843.722;-1.719;-6.421;0.000
843.862;3.105;2.140;0.000
844.003;-3.175;1.895;0.000
844.143;2.649;1.825;0.000
844.283;3.193;0.070;0.000
844.423;34.807;25.439;0.000
844.563;26.965;27.404;0.000
844.704;7.211;9.158;0.000
844.844;-8.561;-1.316;0.000
844.984;4.509;-3.614;0.000
845.124;-6.807;2.860;0.000
845.264;-6.509;-9.632;0.000
845.404;3.807;-7.263;0.000
845.544;-2.140;-3.912;0.000
845.685;-5.000;-9.561;0.000
845.825;3.053;-2.263;0.000
845.965;-1.263;-7.842;0.000
846.105;1.246;3.088;0.000
846.245;-2.474;-4.175;0.000
846.385;8.702;-9.544;0.000
846.525;-1.825;-9.123;0.000
846.665;5.754;-7.474;0.000
846.805;-3.439;-11.474;0.000
846.945;5.965;2.368;0.000
847.085;2.386;-4.912;0.000
847.225;-1.930;1.596;0.000
847.365;0.246;-6.754;0.000
847.505;-4.842;-4.474;0.000
847.645;-5.421;0.789;0.000
847.785;6.140;2.509;0.000
847.925;1.140;0.702;0.000
848.065;-2.825;-0.263;0.000
848.205;-6.105;-1.789;0.000
848.345;0.561;-6.965;0.000
848.485;-6.754;0.053;0.000
848.625;8.368;1.807;0.000
848.764;-9.526;-11.140;0.000
848.904;-8.105;0.316;0.000
849.044;0.895;-7.526;0.000
849.184;12.404;-0.456;0.000
849.324;-3.228;2.596;0.000
849.464;-6.860;3.509;0.000
849.604;-0.807;-9.316;0.000
849.743;7.088;4.333;0.000
849.883;-2.719;-7.211;0.000
850.023;2.088;-3.649;0.000
850.163;-4.509;-13.877;0.000
850.303;1.386;10.561;0.000
850.442;-10.193;-1.526;0.000
850.582;-3.561;3.439;0.000
850.722;-3.333;-4.614;0.000
850.862;6.298;4.404;0.000
851.001;-5.263;-7.649;0.000
851.141;4.333;8.404;0.000
851.281;-2.789;-1.018;0.000
851.420;12.000;-1.404;0.000
851.560;-5.912;-2.614;0.000
851.700;-6.140;-1.053;0.000
851.839;-3.263;-9.316;0.000
851.979;10.351;-1.719;0.000
852.119;-6.789;-3.491;0.000
852.258;6.719;5.368;0.000
852.398;-9.035;0.649;0.000
852.537;2.579;8.772;0.000
852.677;-1.053;0.842;0.000
852.817;6.123;0.912;0.000
852.956;-6.965;-7.579;0.000
853.096;1.474;-7.719;0.000
853.235;-10.246;-6.860;0.000
853.375;1.386;12.667;0.000
853.514;1.351;-4.105;0.000
853.654;1.737;-3.053;0.000
853.793;-5.965;-8.351;0.000
853.933;9.877;5.842;0.000
854.072;-13.263;-8.965;0.000
854.212;2.035;-11.772;0.000
854.351;2.018;4.070;0.000
854.491;1.351;-3.351;0.000
854.630;-2.439;-2.123;0.000
854.770;5.544;3.526;0.000
854.909;0.193;-11.965;0.000
855.048;8.877;7.368;0.000
855.188;-6.702;-9.158;0.000
855.327;-0.070;3.263;0.000
855.467;0.386;-5.719;0.000
855.606;6.684;1.509;0.000
855.745;6.175;2.123;0.000
855.885;9.211;4.737;0.000
856.024;-6.754;-9.561;0.000
856.163;-1.316;0.789;0.000
856.303;-7.158;-9.789;0.000
856.442;2.509;2.193;0.000
856.581;-5.158;-5.246;0.000
856.721;1.053;-0.982;0.000
856.860;-2.982;-4.228;0.000
856.999;3.842;-0.842;0.000
857.138;-6.246;-7.053;0.000
857.278;5.947;1.860;0.000
857.417;-3.456;-7.719;0.000
857.556;4.175;-0.123;0.000
857.695;-8.456;-6.684;0.000
857.835;10.070;0.632;0.000
857.974;-9.667;-0.211;0.000
858.113;5.053;-3.298;0.000
858.252;-9.702;-12.386;0.000

