Wave;Sample;Dark;Reference
291.522;5.521;0.452;0.000
291.691;1.695;-2.606;0.000
291.860;2.545;-5.707;0.000
292.028;24.989;3.137;0.000
292.197;0.002;-5.365;0.000
292.366;-3.004;-5.924;0.000
292.534;4.625;4.592;0.000
292.703;-16.346;-7.592;0.000
292.871;1.069;1.995;0.000
293.040;8.183;5.388;0.000
293.209;29.452;0.631;0.000
293.377;-8.916;4.874;0.000
293.546;6.335;0.694;0.000
293.715;8.090;9.105;0.000
293.883;1.141;-11.140;0.000
294.052;-0.449;1.011;0.000
294.220;13.771;13.922;0.000
294.389;-8.690;6.509;0.000
294.557;7.392;0.391;0.000
294.726;-6.766;-4.477;0.000
294.895;11.815;2.941;0.000
295.063;-6.302;2.121;0.000
295.232;-3.309;5.764;0.000
295.400;10.076;3.321;0.000
295.569;10.101;5.179;0.000
295.737;-4.781;-3.715;0.000
295.906;-2.612;-0.135;0.000
296.074;-6.031;7.199;0.000
296.243;5.442;2.134;0.000
296.411;5.782;5.388;0.000
296.580;12.784;0.971;0.000
296.748;-9.123;4.165;0.000
296.917;16.164;9.844;0.000
297.085;3.212;4.250;0.000
297.254;3.702;12.743;0.000
297.422;-2.086;4.725;0.000
297.591;4.878;15.176;0.000
297.759;-12.735;0.502;0.000
297.928;6.775;2.372;0.000
298.096;-6.585;5.308;0.000
298.265;1.220;2.788;0.000
298.433;4.839;-3.306;0.000
298.601;-1.511;11.652;0.000
298.770;4.909;5.296;0.000
298.938;-7.227;10.452;0.000
299.107;-1.957;3.576;0.000
299.275;7.629;-1.203;0.000
299.443;-15.524;1.234;0.000
299.612;11.423;10.169;0.000
299.780;2.464;0.349;0.000
299.949;5.173;11.582;0.000
300.117;5.713;3.754;0.000
300.285;2.348;-4.398;0.000
300.454;-0.473;-2.898;0.000
300.622;-2.289;6.525;0.000
300.790;3.283;4.699;0.000
300.959;4.275;11.908;0.000
301.127;11.243;16.834;0.000
301.296;10.068;22.426;0.000
301.464;7.296;6.043;0.000
301.632;7.736;1.301;0.000
301.800;-2.958;9.362;0.000
301.969;-13.963;1.991;0.000
302.137;2.643;5.579;0.000
302.305;0.774;4.710;0.000
302.474;11.116;3.013;0.000
302.642;18.828;7.931;0.000
302.810;-4.860;-2.014;0.000
302.979;5.796;5.201;0.000
303.147;-5.561;9.291;0.000
303.315;4.644;5.402;0.000
303.483;0.114;1.728;0.000
303.652;3.217;7.782;0.000
303.820;1.469;8.322;0.000
303.988;2.462;-4.917;0.000
304.156;3.510;5.615;0.000
304.325;4.107;11.326;0.000
304.493;1.518;9.292;0.000
304.661;-14.265;-1.022;0.000
304.829;7.555;1.740;0.000
304.998;-7.021;6.723;0.000
305.166;2.127;12.859;0.000
305.334;14.658;15.208;0.000
305.502;8.263;6.288;0.000
305.670;5.555;13.459;0.000
305.839;-16.214;6.448;0.000
306.007;6.519;2.152;0.000
306.175;14.080;-2.574;0.000
306.343;7.772;5.520;0.000
306.511;-8.837;6.277;0.000
306.679;4.651;7.513;0.000
306.848;2.322;-0.303;0.000
307.016;6.527;-2.063;0.000
307.184;9.334;7.718;0.000
307.352;8.239;4.835;0.000
307.520;-0.304;-4.988;0.000
307.688;-4.208;-3.430;0.000
307.856;-1.870;0.876;0.000
308.024;-0.296;10.026;0.000
308.193;7.081;-2.916;0.000
308.361;19.180;12.125;0.000
308.529;3.574;-3.802;0.000
308.697;12.273;12.372;0.000
308.865;5.694;8.129;0.000
309.033;-4.949;5.350;0.000
309.201;-3.564;5.704;0.000
309.369;15.386;7.082;0.000
309.537;-4.316;-4.399;0.000
309.705;-11.384;0.152;0.000
309.873;-11.647;0.638;0.000
310.041;3.858;-3.493;0.000
310.209;-3.796;11.969;0.000
310.377;8.984;5.055;0.000
310.545;-2.130;-1.923;0.000
310.713;5.415;1.691;0.000
310.881;6.413;9.653;0.000
311.049;-3.959;-0.852;0.000
311.217;-8.429;5.569;0.000
311.385;2.296;-0.019;0.000
311.553;14.078;4.875;0.000
311.721;6.073;10.783;0.000
311.889;-16.365;5.954;0.000
312.057;-0.431;-3.863;0.000
312.225;8.678;2.577;0.000
312.393;12.401;-0.179;0.000
312.561;13.372;14.237;0.000
312.729;1.579;8.037;0.000
312.897;-2.930;0.835;0.000
313.065;12.942;8.546;0.000
313.233;2.485;1.288;0.000
313.401;-11.814;2.456;0.000
313.569;-26.694;-6.058;0.000
313.737;0.518;0.767;0.000
313.905;-0.140;-3.748;0.000
314.072;1.279;4.852;0.000
314.240;4.144;8.747;0.000
314.408;-5.277;6.881;0.000
314.576;8.003;1.576;0.000
314.744;-4.012;-5.194;0.000
314.912;5.650;3.087;0.000
315.080;-6.995;3.962;0.000
315.248;-1.499;5.599;0.000
315.415;3.976;6.889;0.000
315.583;-8.094;-8.117;0.000
315.751;1.639;0.020;0.000
315.919;-0.154;-6.532;0.000
316.087;6.101;-3.456;0.000
316.255;-2.855;-0.424;0.000
316.422;4.923;1.878;0.000
316.590;-0.225;-0.866;0.000
316.758;8.746;1.019;0.000
316.926;8.146;7.068;0.000
317.094;5.585;-10.085;0.000
317.261;5.169;-11.329;0.000
317.429;-11.998;1.704;0.000
317.597;-6.966;5.544;0.000
317.765;8.361;17.684;0.000
317.933;-11.755;-2.539;0.000
318.100;-0.696;-7.018;0.000
318.268;-8.354;0.704;0.000
318.436;-4.450;16.914;0.000
318.604;-2.939;-3.625;0.000
318.771;6.893;-0.207;0.000
318.939;-3.351;-2.863;0.000
319.107;13.153;8.734;0.000
319.275;-4.197;6.169;0.000
319.442;-14.062;0.647;0.000
319.610;13.291;-5.088;0.000
319.778;5.695;4.060;0.000
319.945;-4.176;9.957;0.000
320.113;9.557;13.450;0.000
320.281;-0.038;3.190;0.000
320.448;15.982;9.556;0.000
320.616;-0.090;-10.600;0.000
320.784;14.992;6.724;0.000
320.951;2.436;3.963;0.000
321.119;5.710;9.266;0.000
321.287;9.893;9.582;0.000
321.454;22.927;11.305;0.000
321.622;9.996;9.913;0.000
321.790;5.575;12.198;0.000
321.957;9.450;3.886;0.000
322.125;-15.218;-5.592;0.000
322.292;-5.476;0.798;0.000
322.460;-10.233;-1.652;0.000
322.628;-4.514;0.215;0.000
322.795;3.829;-0.395;0.000
322.963;-0.758;0.480;0.000
323.130;2.586;2.438;0.000
323.298;6.972;0.861;0.000
323.466;-3.184;6.778;0.000
323.633;-5.250;5.026;0.000
323.801;-0.513;-1.219;0.000
323.968;6.632;6.546;0.000
324.136;-8.752;-9.918;0.000
324.303;-7.366;5.521;0.000
324.471;-11.146;-3.321;0.000
324.638;-4.084;-1.228;0.000
324.806;2.901;6.966;0.000
324.973;-14.214;9.647;0.000
325.141;-1.061;-3.428;0.000
325.308;16.040;6.545;0.000
325.476;0.218;8.638;0.000
325.643;-2.944;-8.062;0.000
325.811;1.759;-3.646;0.000
325.978;9.126;4.267;0.000
326.146;7.102;5.977;0.000
326.313;10.508;4.738;0.000
326.481;13.192;-1.231;0.000
326.648;1.690;4.075;0.000
326.816;2.474;-0.706;0.000
326.983;1.526;0.952;0.000
327.151;4.910;6.293;0.000
327.318;8.781;-6.622;0.000
327.486;3.117;-2.348;0.000
327.653;-3.812;-6.759;0.000
327.820;3.902;9.712;0.000
327.988;8.489;10.171;0.000
328.155;3.698;4.745;0.000
328.323;-2.153;-1.402;0.000
328.490;11.988;-3.607;0.000
328.657;8.101;0.556;0.000
328.825;-0.778;0.827;0.000
328.992;4.954;3.201;0.000
329.159;-0.551;-7.144;0.000
329.327;1.723;5.649;0.000
329.494;9.283;2.161;0.000
329.662;-3.797;5.224;0.000
329.829;15.200;3.153;0.000
329.996;6.165;6.017;0.000
330.164;9.853;2.315;0.000
330.331;26.780;2.833;0.000
330.498;17.794;-3.325;0.000
330.666;-4.511;2.336;0.000
330.833;-2.343;-7.516;0.000
331.000;0.088;-3.201;0.000
331.167;6.908;2.265;0.000
331.335;-2.257;-0.088;0.000
331.502;20.702;5.995;0.000
331.669;21.846;10.394;0.000
331.837;0.820;5.202;0.000
332.004;4.855;3.896;0.000
332.171;2.423;5.801;0.000
332.338;-2.378;9.784;0.000
332.506;7.122;3.303;0.000
332.673;-15.911;2.347;0.000
332.840;-2.926;-2.553;0.000
333.007;-3.688;-0.182;0.000
333.175;17.575;4.052;0.000
333.342;4.698;-1.963;0.000
333.509;10.182;-0.757;0.000
333.676;1.367;0.246;0.000
333.843;-10.353;-2.931;0.000
334.011;-3.098;14.272;0.000
334.178;-0.907;3.171;0.000
334.345;-0.887;2.334;0.000
334.512;23.405;11.231;0.000
334.679;-8.008;-2.676;0.000
334.847;-2.174;8.093;0.000
335.014;3.944;-4.970;0.000
335.181;1.898;-0.318;0.000
335.348;2.562;-0.069;0.000
335.515;-2.568;8.443;0.000
335.682;13.762;14.065;0.000
335.849;-3.162;-0.897;0.000
336.017;-7.174;0.061;0.000
336.184;-12.504;-3.167;0.000
336.351;-3.737;6.958;0.000
336.518;-3.104;1.412;0.000
336.685;8.004;6.027;0.000
336.852;3.505;3.680;0.000
337.019;24.153;12.937;0.000
337.186;-8.687;2.600;0.000
337.353;-7.320;-4.652;0.000
337.520;-0.137;-1.628;0.000
337.687;11.954;-0.627;0.000
337.854;7.664;4.853;0.000
338.022;-7.334;-6.036;0.000
338.189;3.075;3.397;0.000
338.356;-1.144;-4.819;0.000
338.523;2.869;2.351;0.000
338.690;4.259;2.498;0.000
338.857;7.608;2.320;0.000
339.024;-3.335;2.621;0.000
339.191;6.127;8.251;0.000
339.358;-1.102;2.574;0.000
339.525;-7.032;0.830;0.000
339.692;-3.804;-0.002;0.000
339.859;13.269;10.174;0.000
340.026;-11.137;3.688;0.000
340.193;-20.667;-8.211;0.000
340.360;10.748;1.337;0.000
340.527;16.680;9.155;0.000
340.694;-0.216;7.903;0.000
340.861;-6.424;8.276;0.000
341.027;-19.133;-9.907;0.000
341.194;21.512;9.467;0.000
341.361;4.847;3.497;0.000
341.528;-1.042;-2.715;0.000
341.695;3.443;2.257;0.000
341.862;13.437;9.042;0.000
342.029;1.347;-2.789;0.000
342.196;-7.954;3.935;0.000
342.363;3.617;8.200;0.000
342.530;-11.891;-1.197;0.000
342.697;31.446;5.086;0.000
342.863;1.223;6.243;0.000
343.030;-1.944;-5.914;0.000
343.197;7.871;15.965;0.000
343.364;-1.188;12.504;0.000
343.531;11.887;5.295;0.000
343.698;10.045;10.052;0.000
343.865;-3.990;-7.120;0.000
344.031;-23.541;-0.052;0.000
344.198;-4.402;-0.610;0.000
344.365;-0.839;-4.860;0.000
344.532;-3.510;-0.490;0.000
344.699;3.363;-0.285;0.000
344.866;7.000;2.232;0.000
345.032;-13.773;-3.025;0.000
345.199;19.805;17.428;0.000
345.366;13.413;6.200;0.000
345.533;-12.842;-2.238;0.000
345.699;2.506;2.874;0.000
345.866;-7.317;-6.454;0.000
346.033;9.291;7.367;0.000
346.200;-13.993;5.291;0.000
346.366;-1.095;-2.031;0.000
346.533;-13.311;3.266;0.000
346.700;3.765;3.508;0.000
346.867;-0.083;1.730;0.000
347.033;-6.152;-6.000;0.000
347.200;1.098;-3.574;0.000
347.367;5.908;6.053;0.000
347.534;10.751;7.843;0.000
347.700;2.431;6.653;0.000
347.867;-1.587;-8.223;0.000
348.034;0.188;1.619;0.000
348.200;-0.562;-2.967;0.000
348.367;6.261;6.336;0.000
348.534;3.143;2.372;0.000
348.700;-3.034;1.692;0.000
348.867;-2.883;1.155;0.000
349.034;-8.365;0.116;0.000
349.200;-6.197;3.427;0.000
349.367;-4.228;3.011;0.000
349.534;-13.420;3.969;0.000
349.700;26.789;3.006;0.000
349.867;22.735;4.989;0.000
350.033;6.653;-3.172;0.000
350.200;-6.925;-8.524;0.000
350.367;-3.342;2.222;0.000
350.533;12.217;8.835;0.000
350.700;-4.493;-0.642;0.000
350.866;-0.362;-0.626;0.000
351.033;-10.602;-2.419;0.000
351.200;-0.677;-0.585;0.000
351.366;1.244;6.401;0.000
351.533;4.274;-0.327;0.000
351.699;11.852;-4.158;0.000
351.866;-4.298;12.040;0.000
352.032;-4.274;-2.729;0.000
352.199;-7.804;0.710;0.000
352.365;0.555;-2.414;0.000
352.532;-10.720;3.936;0.000
352.698;-14.046;0.461;0.000
352.865;-10.208;0.076;0.000
353.031;-0.075;0.337;0.000
353.198;7.437;14.102;0.000
353.364;-20.660;-0.147;0.000
353.531;-3.377;0.485;0.000
353.697;-7.149;-6.649;0.000
353.864;-3.497;-0.806;0.000
354.030;-3.552;0.450;0.000
354.197;9.944;-0.419;0.000
354.363;16.709;5.702;0.000
354.530;16.365;6.477;0.000
354.696;-4.224;2.014;0.000
354.863;3.593;-3.704;0.000
355.029;10.617;-4.250;0.000
355.195;-9.722;-6.788;0.000
355.362;-6.181;3.236;0.000
355.528;-12.035;5.473;0.000
355.695;-0.855;4.845;0.000
355.861;-9.060;-1.157;0.000
356.027;11.437;7.102;0.000
356.194;-12.904;7.657;0.000
356.360;2.573;-8.173;0.000
356.527;9.790;11.962;0.000
356.693;-1.659;-4.401;0.000
356.859;6.239;5.186;0.000
357.026;-8.105;10.711;0.000
357.192;1.113;-0.874;0.000
357.358;2.682;-1.446;0.000
357.525;3.760;13.872;0.000
357.691;3.112;-3.303;0.000
357.857;3.020;-9.543;0.000
358.024;17.062;0.303;0.000
358.190;-0.118;-2.232;0.000
358.356;-3.171;12.642;0.000
358.523;-4.195;-1.492;0.000
358.689;2.213;-0.371;0.000
358.855;1.592;6.718;0.000
359.022;-0.515;7.397;0.000
359.188;-1.026;3.482;0.000
359.354;-5.017;-2.649;0.000
359.520;-12.071;-3.085;0.000
359.687;9.716;7.318;0.000
359.853;0.522;3.848;0.000
360.019;-13.033;7.989;0.000
360.185;-8.106;-3.257;0.000
360.352;0.003;6.218;0.000
360.518;-12.629;0.053;0.000
360.684;-3.823;4.537;0.000
360.850;4.375;2.239;0.000
361.016;5.606;10.062;0.000
361.183;-5.439;1.197;0.000
361.349;-4.888;0.443;0.000
361.515;7.520;9.377;0.000
361.681;2.482;6.752;0.000
361.847;1.751;4.257;0.000
362.014;-5.341;-5.955;0.000
362.180;14.363;3.393;0.000
362.346;-9.031;0.620;0.000
362.512;1.889;5.163;0.000
362.678;-1.583;4.864;0.000
362.844;1.039;3.285;0.000
363.010;9.312;3.121;0.000
363.177;7.938;-5.767;0.000
363.343;-3.060;1.851;0.000
363.509;2.182;11.167;0.000
363.675;-5.002;0.027;0.000
363.841;14.165;9.672;0.000
364.007;-0.390;-5.654;0.000
364.173;-0.245;-2.249;0.000
364.339;15.824;10.536;0.000
364.505;5.100;2.998;0.000
364.671;-9.123;-4.369;0.000
364.838;15.165;3.993;0.000
365.004;19.100;2.718;0.000
365.170;2.040;-0.673;0.000
365.336;-1.620;4.225;0.000
365.502;-1.124;-0.958;0.000
365.668;5.358;3.601;0.000
365.834;1.500;3.331;0.000
366.000;-15.393;-6.845;0.000
366.166;6.161;-2.558;0.000
366.332;-4.008;7.626;0.000
366.498;-3.255;-2.112;0.000
366.664;0.173;12.446;0.000
366.830;-4.573;-1.005;0.000
366.996;-0.744;0.412;0.000
367.162;6.637;2.681;0.000
367.328;0.237;-4.106;0.000
367.494;8.397;8.126;0.000
367.660;-10.941;4.491;0.000
367.826;-10.831;0.435;0.000
367.992;3.345;-2.731;0.000
368.158;72.121;34.698;0.000
368.323;-11.900;-3.388;0.000
368.489;0.277;-1.066;0.000
368.655;-4.235;10.424;0.000
368.821;6.639;-2.521;0.000
368.987;-0.264;-1.521;0.000
369.153;3.615;6.973;0.000
369.319;7.756;1.875;0.000
369.485;-14.216;-3.333;0.000
369.651;12.523;7.938;0.000
369.817;-10.110;2.132;0.000
369.982;-1.190;0.248;0.000
370.148;-1.718;4.174;0.000
370.314;8.649;0.796;0.000
370.480;19.135;10.299;0.000
370.646;-8.461;1.708;0.000
370.812;-0.650;-5.001;0.000
370.978;-2.366;-1.673;0.000
371.143;12.427;12.022;0.000
371.309;-2.140;3.006;0.000
371.475;1.472;2.892;0.000
371.641;4.671;1.298;0.000
371.807;8.537;7.480;0.000
371.972;-1.797;0.639;0.000
372.138;-2.942;4.875;0.000
372.304;-0.363;1.239;0.000
372.470;4.825;9.834;0.000
372.636;4.689;-2.852;0.000
372.801;-19.067;0.656;0.000
372.967;5.849;-0.547;0.000
373.133;-1.719;17.460;0.000
373.299;5.169;13.544;0.000
373.464;13.865;9.558;0.000
373.630;1.622;-4.361;0.000
373.796;-8.136;-1.146;0.000
373.961;11.914;8.770;0.000
374.127;8.268;-6.716;0.000
374.293;-3.343;-4.676;0.000
374.459;2.654;2.404;0.000
374.624;10.171;-8.773;0.000
374.790;5.086;0.444;0.000
374.956;11.281;-2.239;0.000
375.121;-0.609;7.947;0.000
375.287;8.766;4.978;0.000
375.453;-5.215;-6.883;0.000
375.618;-3.307;7.762;0.000
375.784;11.573;11.225;0.000
375.950;-4.972;7.847;0.000
376.115;29.948;1.179;0.000
376.281;-1.072;3.727;0.000
376.447;-0.388;4.829;0.000
376.612;-2.660;8.471;0.000
376.778;27.841;3.218;0.000
376.943;-12.427;-0.681;0.000
377.109;1.266;5.057;0.000
377.275;-12.954;-6.047;0.000
377.440;3.880;3.044;0.000
377.606;-10.133;-5.677;0.000
377.771;0.988;6.025;0.000
377.937;-0.008;3.984;0.000
378.102;7.909;2.470;0.000
378.268;-12.514;0.803;0.000
378.434;2.453;4.448;0.000
378.599;-11.142;9.405;0.000
378.765;-3.779;5.345;0.000
378.930;13.139;1.158;0.000
379.096;1.303;-8.192;0.000
379.261;-2.159;0.403;0.000
379.427;12.257;15.993;0.000
379.592;1.523;4.730;0.000
379.758;0.816;7.187;0.000
379.923;2.868;2.718;0.000
380.089;10.105;7.270;0.000
380.254;-3.381;3.669;0.000
380.420;-2.687;5.997;0.000
380.585;7.121;-1.119;0.000
380.751;-5.305;15.407;0.000
380.916;3.250;6.599;0.000
381.081;4.548;6.700;0.000
381.247;-8.145;-1.583;0.000
381.412;17.422;4.799;0.000
381.578;2.482;2.149;0.000
381.743;4.201;5.195;0.000
381.909;3.088;6.588;0.000
382.074;3.091;9.734;0.000
382.239;-13.919;-7.382;0.000
382.405;0.674;4.061;0.000
382.570;-6.811;-0.569;0.000
382.736;-4.934;3.967;0.000
382.901;2.552;4.489;0.000
383.066;2.557;3.687;0.000
383.232;8.726;6.511;0.000
383.397;-1.296;3.765;0.000
383.562;-8.881;-0.260;0.000
383.728;2.201;2.944;0.000
383.893;9.874;-2.795;0.000
384.058;-1.726;-0.637;0.000
384.224;2.801;4.217;0.000
384.389;1.716;0.454;0.000
384.554;-4.906;1.439;0.000
384.720;4.576;6.156;0.000
384.885;-8.512;5.205;0.000
385.050;8.677;8.874;0.000
385.216;-2.364;4.692;0.000
385.381;15.653;10.768;0.000
385.546;7.162;0.932;0.000
385.711;5.676;-1.318;0.000
385.877;-3.753;-3.716;0.000
386.042;7.257;3.855;0.000
386.207;1.692;-0.217;0.000
386.372;-0.708;7.809;0.000
386.538;-1.307;-0.519;0.000
386.703;-21.464;-4.507;0.000
386.868;4.518;-1.679;0.000
387.033;2.469;-0.898;0.000
387.199;8.932;4.076;0.000
387.364;-12.019;-1.127;0.000
387.529;-0.925;6.838;0.000
387.694;5.643;5.953;0.000
387.859;-12.472;0.430;0.000
388.024;-3.672;-8.072;0.000
388.190;3.914;-1.128;0.000
388.355;-5.113;10.670;0.000
388.520;-0.129;0.422;0.000
388.685;-4.776;1.657;0.000
388.850;-2.091;1.067;0.000
389.015;6.669;1.215;0.000
389.181;-2.631;1.682;0.000
389.346;-5.560;4.750;0.000
389.511;-6.677;9.926;0.000
389.676;10.995;3.144;0.000
389.841;15.006;9.784;0.000
390.006;-6.278;-2.005;0.000
390.171;12.894;4.889;0.000
390.336;4.794;4.022;0.000
390.501;5.051;3.499;0.000
390.666;-1.696;1.146;0.000
390.832;4.992;2.757;0.000
390.997;-7.534;2.316;0.000
391.162;12.427;6.435;0.000
391.327;-0.127;-0.466;0.000
391.492;-12.861;1.295;0.000
391.657;1.700;-8.823;0.000
391.822;-10.386;-3.475;0.000
391.987;-12.890;3.845;0.000
392.152;1.680;-7.314;0.000
392.317;4.454;4.542;0.000
392.482;-3.375;-5.112;0.000
392.647;1.911;-1.818;0.000
392.812;0.138;7.629;0.000
392.977;1.294;15.911;0.000
393.142;-8.578;-1.726;0.000
393.307;3.722;1.279;0.000
393.472;-12.346;4.429;0.000
393.637;-3.437;-2.801;0.000
393.802;-4.963;-1.908;0.000
393.967;-5.011;-1.103;0.000
394.132;11.272;3.278;0.000
394.296;15.823;11.975;0.000
394.461;-0.946;5.174;0.000
394.626;0.691;-5.979;0.000
394.791;6.469;3.341;0.000
394.956;13.452;12.099;0.000
395.121;-0.884;-1.649;0.000
395.286;-5.353;3.168;0.000
395.451;2.591;-6.594;0.000
395.616;11.343;8.641;0.000
395.781;-1.678;10.892;0.000
395.945;7.510;8.192;0.000
396.110;7.592;2.450;0.000
396.275;1.764;5.096;0.000
396.440;0.358;-0.245;0.000
396.605;-2.191;2.905;0.000
396.770;1.510;10.073;0.000
396.935;-0.221;-3.442;0.000
397.099;-13.858;-1.206;0.000
397.264;-0.908;1.896;0.000
397.429;-15.254;-3.462;0.000
397.594;-0.992;-3.589;0.000
397.759;10.456;8.239;0.000
397.923;-5.022;1.668;0.000
398.088;-13.498;-4.485;0.000
398.253;28.135;-5.412;0.000
398.418;10.817;4.403;0.000
398.582;9.672;-7.533;0.000
398.747;-11.425;-5.428;0.000
398.912;5.900;-0.426;0.000
399.077;0.923;0.146;0.000
399.241;-0.474;6.553;0.000
399.406;-2.595;7.677;0.000
399.571;-3.972;11.086;0.000
399.736;-1.385;10.006;0.000
399.900;-3.275;5.407;0.000
400.065;6.819;-8.085;0.000
400.230;-4.384;-5.725;0.000
400.394;-3.835;6.120;0.000
400.559;-5.438;0.843;0.000
400.724;-20.903;-6.562;0.000
400.888;2.166;0.640;0.000
401.053;-10.145;-0.625;0.000
401.218;2.032;2.331;0.000
401.382;-1.032;-0.585;0.000
401.547;2.636;3.954;0.000
401.712;-0.548;-2.174;0.000
401.876;6.541;3.217;0.000
402.041;6.573;7.425;0.000
402.206;-3.143;4.636;0.000
402.370;-3.580;4.899;0.000
402.535;8.012;4.363;0.000
402.699;-10.036;-7.089;0.000
402.864;6.920;-0.945;0.000
403.029;-0.692;-6.516;0.000
403.193;-1.272;2.037;0.000
403.358;-14.707;4.477;0.000
403.522;0.824;6.694;0.000
403.687;-9.620;0.046;0.000
403.851;-14.170;-1.178;0.000
404.016;9.462;5.765;0.000
404.181;6.661;6.330;0.000
404.345;16.595;-1.839;0.000
404.510;23.378;5.355;0.000
404.674;15.656;-4.185;0.000
404.839;14.827;9.962;0.000
405.003;-0.747;-2.391;0.000
405.168;-5.071;8.523;0.000
405.332;4.345;1.913;0.000
405.497;9.046;1.998;0.000
405.661;-0.661;4.533;0.000
405.826;1.186;-3.338;0.000
405.990;-5.036;6.493;0.000
406.155;5.592;6.734;0.000
406.319;-8.511;3.062;0.000
406.483;-17.892;-5.556;0.000
406.648;-0.652;1.583;0.000
406.812;5.804;-3.034;0.000
406.977;-0.385;-4.232;0.000
407.141;4.112;7.629;0.000
407.306;6.216;4.205;0.000
407.470;-0.245;14.070;0.000
407.634;10.217;-4.773;0.000
407.799;-9.151;2.620;0.000
407.963;-8.746;2.037;0.000
408.128;-0.936;11.260;0.000
408.292;14.726;1.121;0.000
408.456;-8.999;-0.579;0.000
408.621;-2.874;13.496;0.000
408.785;8.796;12.507;0.000
408.949;3.038;4.846;0.000
409.114;-15.638;0.276;0.000
409.278;-5.251;-0.832;0.000
409.442;1.213;-3.784;0.000
409.607;7.860;9.407;0.000
409.771;-1.489;11.513;0.000
409.935;-2.809;5.817;0.000
410.100;-1.024;16.563;0.000
410.264;-8.576;5.016;0.000
410.428;-9.538;5.999;0.000
410.593;0.277;-2.071;0.000
410.757;10.795;3.684;0.000
410.921;11.396;-0.671;0.000
411.085;-5.062;-1.490;0.000
411.250;-13.066;-3.410;0.000
411.414;3.716;5.816;0.000
411.578;-15.206;-5.368;0.000
411.742;9.216;18.055;0.000
411.907;-14.983;-5.748;0.000
412.071;-4.286;7.977;0.000
412.235;-13.570;-0.883;0.000
412.399;13.929;1.228;0.000
412.564;-2.028;-2.384;0.000
412.728;1.668;5.911;0.000
412.892;14.125;7.229;0.000
413.056;-15.459;-4.357;0.000
413.220;13.743;1.565;0.000
413.384;-7.924;-2.226;0.000
413.549;-8.960;2.816;0.000
413.713;-9.620;8.827;0.000
413.877;11.816;5.152;0.000
414.041;-1.158;4.732;0.000
414.205;-8.006;1.778;0.000
414.369;-8.967;-7.748;0.000
414.533;11.094;8.198;0.000
414.698;12.945;0.646;0.000
414.862;-8.533;-2.907;0.000
415.026;4.577;0.094;0.000
415.190;1.604;7.314;0.000
415.354;3.604;1.728;0.000
415.518;14.059;-8.656;0.000
415.682;27.934;8.969;0.000
415.846;28.758;2.177;0.000
416.010;37.195;-2.937;0.000
416.174;19.346;2.563;0.000
416.338;-0.879;-2.376;0.000
416.502;-8.551;3.022;0.000
416.667;9.716;0.086;0.000
416.831;7.204;-1.142;0.000
416.995;-5.630;3.109;0.000
417.159;-17.382;2.542;0.000
417.323;-7.310;-1.609;0.000
417.487;-8.205;-10.643;0.000
417.651;-15.778;-10.350;0.000
417.815;-14.062;3.797;0.000
417.979;0.692;-0.757;0.000
418.143;-9.282;-8.084;0.000
418.307;6.102;5.230;0.000
418.471;-14.044;8.521;0.000
418.634;9.238;5.156;0.000
418.798;1.280;9.437;0.000
418.962;14.734;6.374;0.000
419.126;4.699;1.174;0.000
419.290;8.164;4.706;0.000
419.454;4.081;2.596;0.000
419.618;6.939;0.080;0.000
419.782;20.636;-1.174;0.000
419.946;45.831;-0.474;0.000
420.110;41.023;-2.805;0.000
420.274;15.108;3.087;0.000
420.438;3.926;0.833;0.000
420.601;-2.742;5.304;0.000
420.765;6.723;4.025;0.000
420.929;6.611;2.916;0.000
421.093;-6.915;-0.091;0.000
421.257;-12.232;5.329;0.000
421.421;-10.130;-3.609;0.000
421.585;-7.179;-5.340;0.000
421.748;-8.429;-0.598;0.000
421.912;18.462;0.328;0.000
422.076;3.643;13.649;0.000
422.240;3.533;-4.755;0.000
422.404;-11.842;-1.698;0.000
422.568;6.029;7.597;0.000
422.731;-4.523;4.824;0.000
422.895;6.628;2.760;0.000
423.059;15.362;4.874;0.000
423.223;-4.999;3.635;0.000
423.386;-17.691;-7.155;0.000
423.550;-0.076;5.104;0.000
423.714;-15.650;-4.743;0.000
423.878;4.878;-3.201;0.000
424.041;5.934;1.685;0.000
424.205;1.438;-0.977;0.000
424.369;9.333;2.785;0.000
424.533;10.643;-3.941;0.000
424.696;10.052;7.219;0.000
424.860;8.806;9.128;0.000
425.024;15.738;9.834;0.000
425.187;3.129;8.456;0.000
425.351;10.003;1.064;0.000
425.515;5.623;0.893;0.000
425.678;-18.709;-0.734;0.000
425.842;32.640;10.149;0.000
426.006;2.750;-2.050;0.000
426.169;6.240;3.237;0.000
426.333;18.254;7.467;0.000
426.497;3.871;-5.748;0.000
426.660;9.175;1.771;0.000
426.824;-0.222;3.083;0.000
426.988;-13.664;1.615;0.000
427.151;13.905;3.256;0.000
427.315;12.218;-6.655;0.000
427.478;2.027;1.746;0.000
427.642;0.909;3.767;0.000
427.806;9.745;11.588;0.000
427.969;-0.288;5.135;0.000
428.133;-2.542;-4.825;0.000
428.296;-5.809;-3.232;0.000
428.460;-11.647;7.025;0.000
428.623;-2.145;7.462;0.000
428.787;20.651;13.298;0.000
428.950;11.388;4.986;0.000
429.114;-18.631;-6.319;0.000
429.278;-8.188;3.157;0.000
429.441;-19.320;-2.075;0.000
429.605;-1.124;6.665;0.000
429.768;-3.567;-2.022;0.000
429.932;4.870;-5.266;0.000
430.095;-5.411;7.351;0.000
430.259;10.044;8.188;0.000
430.422;-8.073;4.488;0.000
430.585;9.086;3.486;0.000
430.749;-6.193;-2.319;0.000
430.912;-7.628;-1.577;0.000
431.076;-18.003;-4.629;0.000
431.239;5.136;-3.771;0.000
431.403;0.180;5.956;0.000
431.566;2.994;0.022;0.000
431.730;-3.421;3.326;0.000
431.893;-11.422;3.351;0.000
432.056;-1.001;-0.175;0.000
432.220;8.706;1.733;0.000
432.383;-9.432;0.411;0.000
432.547;4.442;7.492;0.000
432.710;-7.253;6.358;0.000
432.873;5.378;-0.520;0.000
433.037;0.659;4.273;0.000
433.200;7.852;0.497;0.000
433.363;13.068;9.037;0.000
433.527;8.621;-8.600;0.000
433.690;15.429;-2.576;0.000
433.853;-9.804;-19.719;0.000
434.017;-2.027;7.804;0.000
434.180;22.621;1.234;0.000
434.343;10.031;6.786;0.000
434.507;14.558;-2.014;0.000
434.670;-2.247;-0.137;0.000
434.833;-19.993;3.673;0.000
434.997;-5.648;-1.904;0.000
435.160;-4.079;-0.460;0.000
435.323;7.103;9.280;0.000
435.486;7.203;-4.172;0.000
435.650;24.501;5.011;0.000
435.813;-3.601;-0.951;0.000
435.976;0.647;11.740;0.000
436.139;2.978;3.325;0.000
436.303;10.332;5.486;0.000
436.466;-4.934;-8.399;0.000
436.629;-9.688;6.328;0.000
436.792;-8.260;-12.907;0.000
436.955;-15.957;-10.901;0.000
437.119;-5.810;-1.739;0.000
437.282;12.156;12.398;0.000
437.445;9.099;-4.917;0.000
437.608;-3.210;4.177;0.000
437.771;8.678;-0.889;0.000
437.935;20.788;5.450;0.000
438.098;12.612;18.196;0.000
438.261;1.434;1.476;0.000
438.424;0.506;-1.294;0.000
438.587;-7.360;-0.650;0.000
438.750;0.637;6.901;0.000
438.913;-0.889;5.084;0.000
439.076;-9.800;1.342;0.000
439.240;-15.461;6.386;0.000
439.403;8.722;0.430;0.000
439.566;3.054;4.484;0.000
439.729;17.081;6.376;0.000
439.892;4.061;5.125;0.000
440.055;-4.972;-4.879;0.000
440.218;3.125;11.253;0.000
440.381;14.989;0.607;0.000
440.544;-10.708;-3.321;0.000
440.707;7.208;9.262;0.000
440.870;1.176;-3.670;0.000
441.033;-10.101;2.455;0.000
441.196;-3.355;1.873;0.000
441.359;-16.279;3.996;0.000
441.522;-11.030;-0.392;0.000
441.685;-0.021;12.564;0.000
441.848;6.809;10.118;0.000
442.011;-5.448;11.186;0.000
442.174;4.046;1.394;0.000
442.337;9.831;4.322;0.000
442.500;-3.154;4.959;0.000
442.663;11.327;-3.565;0.000
442.826;-5.696;-6.779;0.000
442.989;-0.965;0.473;0.000
443.152;4.921;2.908;0.000
443.315;-15.165;0.251;0.000
443.478;3.702;-1.159;0.000
443.641;6.441;-3.317;0.000
443.804;2.981;0.028;0.000
443.967;2.614;2.436;0.000
444.130;-16.638;9.128;0.000
444.293;-13.299;10.080;0.000
444.455;-4.313;7.691;0.000
444.618;-3.309;0.673;0.000
444.781;1.435;7.017;0.000
444.944;-14.233;5.217;0.000
445.107;7.288;15.645;0.000
445.270;-4.464;-6.795;0.000
445.433;-15.601;-1.586;0.000
445.595;-2.422;-5.651;0.000
445.758;7.843;4.312;0.000
445.921;-0.383;0.693;0.000
446.084;17.197;18.940;0.000
446.247;11.948;1.895;0.000
446.410;-4.029;12.601;0.000
446.572;-17.655;-2.628;0.000
446.735;-13.219;0.836;0.000
446.898;-15.237;5.349;0.000
447.061;7.509;6.337;0.000
447.224;5.395;-1.811;0.000
447.386;-8.820;0.088;0.000
447.549;14.137;16.020;0.000
447.712;-3.863;0.796;0.000
447.875;-0.089;0.600;0.000
448.037;8.714;8.355;0.000
448.200;-6.399;0.429;0.000
448.363;12.154;3.591;0.000
448.525;5.601;8.589;0.000
448.688;7.023;-5.152;0.000
448.851;-1.903;1.414;0.000
449.014;1.913;-1.197;0.000
449.176;1.069;-3.260;0.000
449.339;10.925;17.253;0.000
449.502;-2.957;7.680;0.000
449.664;2.435;-2.944;0.000
449.827;9.596;0.930;0.000
449.990;13.251;1.873;0.000
450.152;-10.367;4.518;0.000
450.315;-4.190;-1.638;0.000
450.477;-11.621;-5.491;0.000
450.640;7.521;8.558;0.000
450.803;-0.374;-2.746;0.000
450.965;3.243;10.161;0.000
451.128;11.783;4.441;0.000
451.291;-0.749;3.047;0.000
451.453;3.694;6.462;0.000
451.616;5.230;0.371;0.000
451.778;2.665;2.828;0.000
451.941;5.271;5.764;0.000
452.103;7.193;-0.945;0.000
452.266;-3.955;10.705;0.000
452.429;16.862;10.700;0.000
452.591;3.575;6.840;0.000
452.754;-4.013;-1.284;0.000
452.916;9.905;12.834;0.000
453.079;5.521;7.858;0.000
453.241;-7.824;2.862;0.000
453.404;0.902;7.847;0.000
453.566;-2.966;1.889;0.000
453.729;3.774;8.751;0.000
453.891;-15.020;-0.529;0.000
454.054;-2.110;-0.086;0.000
454.216;-2.541;-1.692;0.000
454.379;12.977;1.330;0.000
454.541;5.339;5.137;0.000
454.704;-10.527;-3.106;0.000
454.866;-10.421;8.045;0.000
455.028;6.872;8.346;0.000
455.191;-12.313;-2.934;0.000
455.353;18.204;7.092;0.000
455.516;18.794;7.782;0.000
455.678;-8.762;3.324;0.000
455.840;4.459;8.496;0.000
456.003;20.789;-7.372;0.000
456.165;11.418;10.756;0.000
456.328;-10.285;6.666;0.000
456.490;-4.103;1.987;0.000
456.652;-7.971;2.238;0.000
456.815;4.537;7.320;0.000
456.977;-20.494;-7.076;0.000
457.139;17.962;9.867;0.000
457.302;14.567;5.957;0.000
457.464;5.539;5.948;0.000
457.626;-1.175;-5.320;0.000
457.789;14.863;7.953;0.000
457.951;-6.717;-6.949;0.000
458.113;1.460;14.272;0.000
458.276;19.743;14.056;0.000
458.438;7.086;-2.062;0.000
458.600;-3.730;-0.838;0.000
458.763;0.982;-0.514;0.000
458.925;-5.682;5.121;0.000
459.087;-4.974;0.601;0.000
459.249;-7.203;-0.056;0.000
459.412;-3.338;-1.785;0.000
459.574;-11.883;3.122;0.000
459.736;-1.299;-1.144;0.000
459.898;10.790;5.033;0.000
460.061;0.261;-2.011;0.000
460.223;1.425;3.015;0.000
460.385;-3.366;13.264;0.000
460.547;0.766;-1.937;0.000
460.709;16.004;10.139;0.000
460.872;-9.534;-1.829;0.000
461.034;3.451;1.883;0.000
461.196;6.695;2.719;0.000
461.358;-18.244;-8.830;0.000
461.520;0.906;2.224;0.000
461.682;10.010;-0.014;0.000
461.845;5.723;-4.524;0.000
462.007;4.729;9.550;0.000
462.169;3.159;-8.319;0.000
462.331;-3.718;12.730;0.000
462.493;-0.471;2.547;0.000
462.655;3.337;7.908;0.000
462.817;2.079;7.102;0.000
462.979;1.739;13.687;0.000
463.141;-6.840;6.994;0.000
463.303;16.830;7.149;0.000
463.466;3.764;-5.262;0.000
463.628;1.513;6.019;0.000
463.790;-1.360;7.124;0.000
463.952;-10.194;1.815;0.000
464.114;-0.432;-10.452;0.000
464.276;-1.546;7.240;0.000
464.438;10.254;1.521;0.000
464.600;-1.566;7.195;0.000
464.762;1.143;-7.344;0.000
464.924;13.638;12.815;0.000
465.086;18.665;0.011;0.000
465.248;6.950;5.882;0.000
465.410;1.225;12.076;0.000
465.572;6.046;-0.556;0.000
465.734;12.989;5.634;0.000
465.896;1.660;-3.833;0.000
466.058;6.427;3.767;0.000
466.220;13.370;-6.817;0.000
466.382;11.794;1.151;0.000
466.544;6.207;-2.032;0.000
466.706;9.618;9.372;0.000
466.868;-6.265;0.140;0.000
467.029;-16.157;6.715;0.000
467.191;-5.659;13.395;0.000
467.353;3.410;-2.223;0.000
467.515;-9.000;-2.636;0.000
467.677;8.886;4.899;0.000
467.839;-5.620;5.313;0.000
468.001;-10.755;-1.261;0.000
468.163;8.716;2.711;0.000
468.325;-10.435;3.056;0.000
468.486;7.295;14.027;0.000
468.648;4.495;-3.082;0.000
468.810;-1.995;0.873;0.000
468.972;-21.718;-1.631;0.000
469.134;14.337;15.991;0.000
469.296;-1.296;-10.196;0.000
469.457;2.798;8.043;0.000
469.619;2.289;-1.881;0.000
469.781;-1.394;2.553;0.000
469.943;-16.921;-4.317;0.000
470.105;-11.764;2.755;0.000
470.266;-3.426;11.146;0.000
470.428;-15.143;1.839;0.000
470.590;4.690;6.382;0.000
470.752;1.400;-3.361;0.000
470.913;-1.558;4.057;0.000
471.075;0.988;3.289;0.000
471.237;8.373;2.920;0.000
471.399;1.963;6.813;0.000
471.560;1.697;4.266;0.000
471.722;-1.754;6.113;0.000
471.884;-2.410;5.226;0.000
472.045;-5.784;-0.497;0.000
472.207;-11.725;-5.106;0.000
472.369;-2.958;3.303;0.000
472.530;0.625;-3.595;0.000
472.692;10.987;6.333;0.000
472.854;15.124;2.149;0.000
473.015;-3.230;-0.687;0.000
473.177;3.852;8.968;0.000
473.339;3.371;-2.748;0.000
473.500;4.759;-2.492;0.000
473.662;1.998;5.497;0.000
473.824;-8.263;-1.122;0.000
473.985;2.704;15.260;0.000
474.147;0.319;-2.910;0.000
474.308;3.492;5.106;0.000
474.470;8.357;-3.038;0.000
474.632;5.532;2.544;0.000
474.793;-2.954;9.123;0.000
474.955;5.920;5.861;0.000
475.116;-1.010;-4.985;0.000
475.278;9.816;11.885;0.000
475.439;3.543;2.649;0.000
475.601;5.099;5.295;0.000
475.763;-15.432;-0.618;0.000
475.924;-0.482;4.791;0.000
476.086;-2.491;-0.594;0.000
476.247;3.503;6.409;0.000
476.409;-4.774;2.745;0.000
476.570;3.992;10.012;0.000
476.732;5.224;-5.805;0.000
476.893;7.327;15.371;0.000
477.055;3.962;-0.441;0.000
477.216;20.959;4.547;0.000
477.377;11.322;-3.228;0.000
477.539;-14.527;-1.755;0.000
477.700;12.608;7.558;0.000
477.862;6.425;-4.474;0.000
478.023;7.553;4.265;0.000
478.185;-1.724;9.345;0.000
478.346;-18.465;0.939;0.000
478.508;-6.550;6.194;0.000
478.669;-1.540;2.078;0.000
478.830;0.948;1.587;0.000
478.992;2.067;0.730;0.000
479.153;12.979;5.855;0.000
479.314;-4.787;-1.047;0.000
479.476;4.473;6.335;0.000
479.637;8.694;1.632;0.000
479.799;-2.508;3.145;0.000
479.960;-1.057;-0.263;0.000
480.121;-9.007;6.968;0.000
480.283;0.675;11.182;0.000
480.444;-1.750;2.310;0.000
480.605;11.758;4.099;0.000
480.767;-6.024;4.823;0.000
480.928;-3.480;-0.006;0.000
481.089;6.440;-3.798;0.000
481.250;-8.373;-0.783;0.000
481.412;16.859;3.975;0.000
481.573;-8.494;5.215;0.000
481.734;10.273;6.789;0.000
481.896;3.836;3.470;0.000
482.057;-15.187;-1.832;0.000
482.218;6.975;5.849;0.000
482.379;4.836;5.479;0.000
482.541;4.124;6.675;0.000
482.702;12.761;7.010;0.000
482.863;-0.119;-2.853;0.000
483.024;4.300;0.797;0.000
483.185;14.648;7.485;0.000
483.347;0.875;11.155;0.000
483.508;-7.768;-10.649;0.000
483.669;2.574;4.264;0.000
483.830;8.406;-6.785;0.000
483.991;4.061;6.809;0.000
484.152;6.623;0.031;0.000
484.314;12.166;3.815;0.000
484.475;1.597;13.277;0.000
484.636;-4.693;-0.206;0.000
484.797;3.379;0.785;0.000
484.958;-4.859;0.279;0.000
485.119;5.259;11.803;0.000
485.280;-3.343;-13.013;0.000
485.441;-9.473;3.547;0.000
485.603;-3.250;7.692;0.000
485.764;-1.415;8.526;0.000
485.925;2.721;-3.503;0.000
486.086;-1.228;-7.763;0.000
486.247;15.155;6.613;0.000
486.408;4.395;3.360;0.000
486.569;-0.914;-0.448;0.000
486.730;-7.345;-7.506;0.000
486.891;-0.788;1.500;0.000
487.052;16.922;13.292;0.000
487.213;4.707;3.110;0.000
487.374;-5.846;3.927;0.000
487.535;2.711;7.456;0.000
487.696;9.609;-0.461;0.000
487.857;-7.340;0.881;0.000
488.018;4.408;3.890;0.000
488.179;15.384;9.572;0.000
488.340;-15.148;1.418;0.000
488.501;-8.752;-3.956;0.000
488.662;-3.650;8.586;0.000
488.823;10.748;8.787;0.000
488.984;3.659;0.952;0.000
489.145;-9.823;3.416;0.000
489.306;-12.511;-4.549;0.000
489.467;27.463;4.591;0.000
489.628;-3.524;0.160;0.000
489.789;-11.206;-2.795;0.000
489.949;19.573;13.031;0.000
490.110;-5.690;3.674;0.000
490.271;10.292;0.087;0.000
490.432;2.496;8.977;0.000
490.593;5.625;3.265;0.000
490.754;2.889;10.157;0.000
490.915;3.780;11.034;0.000
491.076;3.971;11.172;0.000
491.236;4.834;6.829;0.000
491.397;0.186;11.538;0.000
491.558;10.553;6.171;0.000
491.719;9.551;4.279;0.000
491.880;2.567;12.107;0.000
492.041;7.229;6.679;0.000
492.201;-2.600;7.998;0.000
492.362;-2.250;4.924;0.000
492.523;2.645;-0.191;0.000
492.684;-11.140;11.580;0.000
492.844;-5.953;-7.439;0.000
493.005;-0.140;3.246;0.000
493.166;-7.326;7.977;0.000
493.327;-2.392;-0.392;0.000
493.487;0.902;1.438;0.000
493.648;9.872;-5.077;0.000
493.809;-2.272;3.803;0.000
493.970;3.780;4.879;0.000
494.130;4.391;18.088;0.000
494.291;10.200;7.803;0.000
494.452;1.436;7.367;0.000
494.612;5.346;-2.627;0.000
494.773;-2.558;-3.067;0.000
494.934;6.889;-3.331;0.000
495.094;-7.900;7.140;0.000
495.255;17.091;9.211;0.000
495.416;8.607;10.796;0.000
495.576;6.851;7.158;0.000
495.737;-5.638;4.240;0.000
495.898;10.578;4.188;0.000
496.058;23.224;6.783;0.000
496.219;-0.083;2.458;0.000
496.380;-0.340;11.840;0.000
496.540;7.281;3.827;0.000
496.701;2.501;12.095;0.000
496.861;13.150;12.457;0.000
497.022;3.622;1.797;0.000
497.183;12.751;12.035;0.000
497.343;1.513;1.294;0.000
497.504;8.351;15.333;0.000
497.664;-7.003;3.866;0.000
497.825;30.280;15.062;0.000
497.985;-0.954;-4.395;0.000
498.146;28.312;6.248;0.000
498.306;23.545;5.984;0.000
498.467;16.033;10.413;0.000
498.627;10.350;8.370;0.000
498.788;-0.937;3.220;0.000
498.948;-7.056;-7.395;0.000
499.109;-8.301;12.087;0.000
499.269;18.993;7.263;0.000
499.430;14.742;9.042;0.000
499.590;-8.764;-6.438;0.000
499.751;9.172;1.614;0.000
499.911;0.306;1.320;0.000
500.072;-4.096;3.334;0.000
500.232;-11.700;2.432;0.000
500.392;25.784;17.709;0.000
500.553;0.914;0.773;0.000
500.713;0.836;14.022;0.000
500.874;-13.580;5.612;0.000
501.034;10.770;6.095;0.000
501.194;3.967;5.062;0.000
501.355;8.033;3.729;0.000
501.515;-17.596;-2.707;0.000
501.676;2.031;7.540;0.000
501.836;-4.103;-0.101;0.000
501.996;9.619;11.567;0.000
502.157;-14.103;2.508;0.000
502.317;-1.356;4.203;0.000
502.477;-7.307;7.069;0.000
502.638;2.613;9.754;0.000
502.798;-17.486;3.190;0.000
502.958;1.573;9.025;0.000
503.119;6.890;0.150;0.000
503.279;-13.082;14.314;0.000
503.439;0.539;8.642;0.000
503.599;-2.242;7.448;0.000
503.760;7.807;11.596;0.000
503.920;-4.424;-0.463;0.000
504.080;15.129;13.424;0.000
504.240;-2.918;0.436;0.000
504.401;10.419;12.321;0.000
504.561;12.661;7.630;0.000
504.721;5.655;4.140;0.000
504.881;-3.924;4.724;0.000
505.042;-5.593;5.066;0.000
505.202;1.090;1.823;0.000
505.362;-2.875;11.019;0.000
505.522;12.476;9.158;0.000
505.682;18.011;11.975;0.000
505.843;-5.243;4.272;0.000
506.003;14.106;4.581;0.000
506.163;-2.254;-8.279;0.000
506.323;1.778;17.478;0.000
506.483;12.492;10.614;0.000
506.643;-3.389;13.016;0.000
506.803;14.416;4.177;0.000
506.964;-11.715;9.770;0.000
507.124;16.530;15.209;0.000
507.284;-14.153;6.210;0.000
507.444;1.266;1.598;0.000
507.604;2.584;3.944;0.000
507.764;8.017;12.136;0.000
507.924;-4.315;5.473;0.000
508.084;2.175;4.091;0.000
508.244;-2.593;4.680;0.000
508.404;-3.216;3.008;0.000
508.564;4.955;3.951;0.000
508.724;3.170;4.674;0.000
508.884;7.602;5.928;0.000
509.045;13.414;6.050;0.000
509.205;-4.842;8.626;0.000
509.365;5.855;6.182;0.000
509.525;-7.035;5.315;0.000
509.685;-9.137;11.480;0.000
509.845;4.259;-0.175;0.000
510.005;-3.038;15.412;0.000
510.165;10.871;5.214;0.000
510.324;17.657;10.925;0.000
510.484;-2.953;6.295;0.000
510.644;-0.084;1.357;0.000
510.804;5.241;4.560;0.000
510.964;-14.680;-1.974;0.000
511.124;-2.201;2.592;0.000
511.284;-0.344;13.770;0.000
511.444;-6.484;8.747;0.000
511.604;-3.504;11.422;0.000
511.764;-10.322;8.380;0.000
511.924;1.245;3.567;0.000
512.084;-13.349;2.989;0.000
512.244;14.554;12.677;0.000
512.403;6.051;-7.886;0.000
512.563;-13.976;1.693;0.000
512.723;5.507;4.245;0.000
512.883;22.425;2.789;0.000
513.043;25.378;3.460;0.000
513.203;8.057;18.680;0.000
513.362;4.663;7.635;0.000
513.522;1.163;16.011;0.000
513.682;-5.225;2.140;0.000
513.842;-6.737;6.007;0.000
514.002;-2.790;3.368;0.000
514.161;-8.184;13.394;0.000
514.321;0.480;8.643;0.000
514.481;-1.049;16.782;0.000
514.641;1.905;11.533;0.000
514.801;6.148;7.243;0.000
514.960;5.965;1.973;0.000
515.120;13.593;6.670;0.000
515.280;6.019;13.498;0.000
515.440;25.600;17.355;0.000
515.599;3.373;10.051;0.000
515.759;-3.327;10.080;0.000
515.919;6.003;5.926;0.000
516.078;6.709;6.592;0.000
516.238;5.431;2.851;0.000
516.398;-0.244;7.023;0.000
516.557;4.448;4.423;0.000
516.717;-0.453;1.789;0.000
516.877;-2.177;12.462;0.000
517.036;10.884;12.616;0.000
517.196;-0.815;-4.899;0.000
517.356;12.259;10.543;0.000
517.515;-6.827;-1.748;0.000
517.675;-0.270;4.384;0.000
517.835;9.831;20.371;0.000
517.994;10.280;10.602;0.000
518.154;-15.484;-6.275;0.000
518.313;18.918;5.953;0.000
518.473;3.191;5.294;0.000
518.633;13.239;5.499;0.000
518.792;1.007;9.571;0.000
518.952;-18.356;5.428;0.000
519.111;2.636;5.507;0.000
519.271;4.099;0.301;0.000
519.430;-3.642;2.772;0.000
519.590;17.283;17.204;0.000
519.749;-0.025;8.388;0.000
519.909;-8.947;2.874;0.000
520.068;9.010;13.227;0.000
520.228;7.891;-0.036;0.000
520.387;-2.728;3.560;0.000
520.547;0.312;12.209;0.000
520.706;5.413;4.173;0.000
520.866;4.834;7.611;0.000
521.025;18.875;9.874;0.000
521.185;19.975;5.067;0.000
521.344;-7.224;1.979;0.000
521.504;12.197;7.575;0.000
521.663;1.997;1.645;0.000
521.823;5.838;3.749;0.000
521.982;-1.141;3.626;0.000
522.141;4.039;7.573;0.000
522.301;11.800;12.976;0.000
522.460;-6.219;-2.007;0.000
522.620;-11.778;9.309;0.000
522.779;-3.198;12.010;0.000
522.938;3.243;10.133;0.000
523.098;4.584;19.378;0.000
523.257;-5.596;11.641;0.000
523.416;17.965;16.167;0.000
523.576;19.566;9.710;0.000
523.735;11.746;10.113;0.000
523.895;2.367;8.867;0.000
524.054;-0.812;1.095;0.000
524.213;-2.051;13.358;0.000
524.372;14.129;6.585;0.000
524.532;12.030;-0.836;0.000
524.691;5.811;9.251;0.000
524.850;0.211;4.286;0.000
525.010;13.012;12.268;0.000
525.169;4.093;3.829;0.000
525.328;-2.407;2.127;0.000
525.487;11.414;12.776;0.000
525.647;9.535;10.775;0.000
525.806;2.436;5.915;0.000
525.965;9.216;10.441;0.000
526.124;22.737;11.335;0.000
526.284;-1.822;8.967;0.000
526.443;-8.622;1.001;0.000
526.602;2.739;13.825;0.000
526.761;3.040;8.772;0.000
526.920;5.900;14.351;0.000
527.080;6.661;-1.334;0.000
527.239;5.042;3.841;0.000
527.398;3.843;7.350;0.000
527.557;-11.717;3.911;0.000
527.716;-7.516;3.998;0.000
527.875;14.585;-1.581;0.000
528.034;15.245;13.313;0.000
528.194;-3.954;-4.073;0.000
528.353;-0.353;-1.126;0.000
528.512;0.727;14.680;0.000
528.671;16.248;9.294;0.000
528.830;0.889;6.434;0.000
528.989;1.250;3.258;0.000
529.148;8.070;9.784;0.000
529.307;6.331;13.836;0.000
529.466;9.032;12.117;0.000
529.625;7.012;12.327;0.000
529.784;1.853;6.976;0.000
529.944;15.534;11.344;0.000
530.103;3.914;10.027;0.000
530.262;-3.005;14.203;0.000
530.421;9.596;14.571;0.000
530.580;3.697;13.307;0.000
530.739;-4.723;-4.693;0.000
530.898;-0.162;-12.115;0.000
531.057;11.779;7.411;0.000
531.216;2.419;4.270;0.000
531.375;-4.780;4.323;0.000
531.534;5.341;5.445;0.000
531.693;9.361;6.690;0.000
531.851;5.882;10.041;0.000
532.010;7.923;18.619;0.000
532.169;12.304;14.321;0.000
532.328;12.044;17.513;0.000
532.487;3.905;7.180;0.000
532.646;18.866;5.951;0.000
532.805;-10.534;1.582;0.000
532.964;12.347;12.529;0.000
533.123;0.528;7.494;0.000
533.282;8.528;8.107;0.000
533.441;4.129;-0.454;0.000
533.599;12.230;16.422;0.000
533.758;8.331;6.317;0.000
533.917;8.911;7.001;0.000
534.076;1.852;7.842;0.000
534.235;10.693;11.052;0.000
534.394;-4.807;15.701;0.000
534.553;6.054;12.824;0.000
534.711;-10.025;10.367;0.000
534.870;4.195;3.647;0.000
535.029;2.276;7.296;0.000
535.188;3.277;11.489;0.000
535.347;-11.263;13.471;0.000
535.505;-1.082;4.979;0.000
535.664;9.019;12.996;0.000
535.823;3.820;7.312;0.000
535.982;13.460;7.645;0.000
536.140;-4.059;1.995;0.000
536.299;6.622;-1.128;0.000
536.458;6.782;-0.707;0.000
536.617;-0.857;11.012;0.000
536.775;8.004;1.660;0.000
536.934;-6.696;-0.112;0.000
537.093;11.165;3.396;0.000
537.251;10.566;11.992;0.000
537.410;-9.353;-2.640;0.000
537.569;4.387;12.290;0.000
537.727;1.748;10.640;0.000
537.886;-2.511;9.289;0.000
538.045;3.789;3.201;0.000
538.203;-5.790;7.762;0.000
538.362;3.231;5.920;0.000
538.521;0.831;1.340;0.000
538.679;3.412;7.761;0.000
538.838;-14.247;8.690;0.000
538.996;18.434;5.585;0.000
539.155;-13.246;21.426;0.000
539.314;22.555;16.759;0.000
539.472;24.236;16.408;0.000
539.631;7.876;5.004;0.000
539.789;1.497;8.425;0.000
539.948;-7.122;9.126;0.000
540.107;17.138;5.705;0.000
540.265;-4.861;12.055;0.000
540.424;-1.780;19.072;0.000
540.582;1.461;9.581;0.000
540.741;7.101;15.089;0.000
540.899;3.022;13.755;0.000
541.058;6.843;14.808;0.000
541.216;-2.177;6.369;0.000
541.375;21.744;12.474;0.000
541.533;-8.555;10.526;0.000
541.692;-0.795;7.876;0.000
541.850;13.226;18.069;0.000
542.009;1.627;9.560;0.000
542.167;16.848;11.296;0.000
542.326;-7.572;-0.441;0.000
542.484;14.929;15.225;0.000
542.642;4.730;2.628;0.000
542.801;20.930;5.856;0.000
542.959;14.031;14.207;0.000
543.118;-6.308;17.013;0.000
543.276;7.292;13.644;0.000
543.434;12.213;8.398;0.000
543.593;-1.266;1.416;0.000
543.751;19.535;-2.901;0.000
543.910;8.815;-1.375;0.000
544.068;3.176;17.344;0.000
544.226;-0.803;10.625;0.000
544.385;30.577;5.870;0.000
544.543;4.698;7.975;0.000
544.701;12.339;5.834;0.000
544.860;19.639;10.763;0.000
545.018;9.500;15.289;0.000
545.176;8.821;14.394;0.000
545.335;22.542;9.131;0.000
545.493;-1.538;7.920;0.000
545.651;15.063;14.288;0.000
545.809;21.124;12.866;0.000
545.968;27.484;15.550;0.000
546.126;9.325;8.427;0.000
546.284;-3.394;19.795;0.000
546.442;-6.934;7.970;0.000
546.601;8.147;4.163;0.000
546.759;15.608;11.724;0.000
546.917;7.169;6.846;0.000
547.075;26.529;7.074;0.000
547.234;9.510;0.073;0.000
547.392;-3.829;11.564;0.000
547.550;-2.369;-1.033;0.000
547.708;21.112;4.511;0.000
547.866;3.993;7.475;0.000
548.025;7.453;9.896;0.000
548.183;0.414;3.264;0.000
548.341;20.155;5.562;0.000
548.499;8.596;20.632;0.000
548.657;3.416;-4.035;0.000
548.815;19.857;9.157;0.000
548.973;10.618;9.262;0.000
549.131;-6.762;10.191;0.000
549.290;-6.441;10.717;0.000
549.448;0.980;10.735;0.000
549.606;-9.440;1.155;0.000
549.764;8.401;6.558;0.000
549.922;2.482;8.979;0.000
550.080;-4.137;8.908;0.000
550.238;-2.697;3.189;0.000
550.396;16.224;7.066;0.000
550.554;-9.235;14.521;0.000
550.712;2.865;10.960;0.000
550.870;1.426;0.749;0.000
551.028;-1.533;13.169;0.000
551.186;5.907;8.853;0.000
551.344;18.228;6.870;0.000
551.502;16.529;16.993;0.000
551.660;14.430;17.010;0.000
551.818;4.470;11.588;0.000
551.976;16.431;9.027;0.000
552.134;2.992;20.693;0.000
552.292;6.992;5.254;0.000
552.450;0.453;15.604;0.000
552.608;5.114;-2.712;0.000
552.766;8.574;9.270;0.000
552.924;-6.025;-1.397;0.000
553.082;-6.804;4.322;0.000
553.240;0.537;11.322;0.000
553.398;11.217;17.216;0.000
553.556;6.558;10.391;0.000
553.713;-2.061;7.005;0.000
553.871;7.679;6.759;0.000
554.029;16.500;17.320;0.000
554.187;16.581;13.670;0.000
554.345;-7.919;8.617;0.000
554.503;7.922;15.669;0.000
554.661;13.443;23.073;0.000
554.818;22.144;7.809;0.000
554.976;12.304;8.089;0.000
555.134;-2.455;9.107;0.000
555.292;-3.274;5.159;0.000
555.450;22.766;9.650;0.000
555.608;-9.833;-1.491;0.000
555.765;7.868;17.000;0.000
555.923;6.548;7.999;0.000
556.081;9.549;7.332;0.000
556.239;6.150;11.858;0.000
556.396;20.191;6.577;0.000
556.554;15.131;-0.564;0.000
556.712;-3.288;5.524;0.000
556.870;-2.267;8.664;0.000
557.027;10.833;5.891;0.000
557.185;4.174;11.487;0.000
557.343;17.255;18.101;0.000
557.500;-1.725;23.434;0.000
557.658;11.036;10.732;0.000
557.816;9.057;4.995;0.000
557.974;5.538;13.924;0.000
558.131;1.438;5.766;0.000
558.289;-11.901;11.432;0.000
558.447;15.560;5.765;0.000
558.604;14.380;11.817;0.000
558.762;-7.279;7.080;0.000
558.919;7.902;13.834;0.000
559.077;-11.038;6.149;0.000
559.235;-4.177;11.132;0.000
559.392;-8.996;11.657;0.000
559.550;27.345;12.499;0.000
559.708;3.145;5.674;0.000
559.865;7.046;8.604;0.000
560.023;9.127;14.498;0.000
560.180;-3.113;6.813;0.000
560.338;6.968;17.322;0.000
560.495;6.829;11.076;0.000
560.653;17.329;10.777;0.000
560.810;10.530;9.040;0.000
560.968;6.031;7.057;0.000
561.125;4.952;18.250;0.000
561.283;5.952;10.583;0.000
561.441;11.193;22.056;0.000
561.598;3.914;10.231;0.000
561.756;3.534;9.231;0.000
561.913;-1.265;7.002;0.000
562.070;6.676;11.932;0.000
562.228;8.056;9.475;0.000
562.385;14.637;4.194;0.000
562.543;13.858;11.457;0.000
562.700;-14.042;1.369;0.000
562.858;4.259;7.579;0.000
563.015;12.040;15.070;0.000
563.173;4.081;6.789;0.000
563.330;27.421;13.420;0.000
563.487;1.502;8.139;0.000
563.645;17.483;27.051;0.000
563.802;3.123;4.892;0.000
563.960;6.444;18.243;0.000
564.117;-13.435;1.611;0.000
564.274;17.945;13.803;0.000
564.432;-11.154;7.382;0.000
564.589;18.487;8.750;0.000
564.746;21.828;15.504;0.000
564.904;17.188;10.275;0.000
565.061;-0.071;4.889;0.000
565.218;15.290;18.240;0.000
565.376;1.510;9.187;0.000
565.533;15.911;10.098;0.000
565.690;4.092;14.940;0.000
565.848;9.772;8.992;0.000
566.005;3.313;3.308;0.000
566.162;-2.146;18.220;0.000
566.319;10.875;16.009;0.000
566.477;18.415;17.587;0.000
566.634;-9.704;18.113;0.000
566.791;1.357;8.376;0.000
566.948;-7.603;6.183;0.000
567.106;15.438;12.516;0.000
567.263;1.839;3.182;0.000
567.420;16.859;19.094;0.000
567.577;17.940;14.550;0.000
567.734;0.581;16.040;0.000
567.892;4.902;14.075;0.000
568.049;48.482;13.426;0.000
568.206;96.263;17.057;0.000
568.363;73.464;5.811;0.000
568.520;53.184;8.898;0.000
568.677;146.585;11.968;0.000
568.834;178.826;14.161;0.000
568.992;94.466;12.125;0.000
569.149;43.867;7.984;0.000
569.306;24.468;6.054;0.000
569.463;21.149;11.755;0.000
569.620;12.889;19.422;0.000
569.777;20.290;8.614;0.000
569.934;7.511;11.930;0.000
570.091;15.671;8.052;0.000
570.248;18.252;11.455;0.000
570.405;20.213;6.964;0.000
570.562;17.993;12.437;0.000
570.719;3.554;13.559;0.000
570.877;1.995;14.664;0.000
571.034;7.256;13.909;0.000
571.191;19.916;17.769;0.000
571.348;1.477;16.786;0.000
571.505;29.398;11.119;0.000
571.662;5.238;15.311;0.000
571.819;12.459;4.504;0.000
571.976;-1.140;7.240;0.000
572.132;0.500;9.152;0.000
572.289;0.801;15.731;0.000
572.446;9.782;18.731;0.000
572.603;16.723;7.607;0.000
572.760;12.223;11.081;0.000
572.917;-0.316;15.607;0.000
573.074;9.325;9.782;0.000
573.231;13.065;9.202;0.000
573.388;20.226;9.781;0.000
573.545;4.227;10.816;0.000
573.702;8.747;13.359;0.000
573.859;15.028;7.359;0.000
574.015;-0.451;-2.080;0.000
574.172;3.590;12.533;0.000
574.329;7.290;6.849;0.000
574.486;19.791;11.199;0.000
574.643;18.952;12.760;0.000
574.800;12.132;15.883;0.000
574.957;18.493;13.689;0.000
575.113;9.334;5.233;0.000
575.270;6.534;13.355;0.000
575.427;11.955;6.372;0.000
575.584;7.176;12.425;0.000
575.741;6.557;9.196;0.000
575.897;12.837;15.933;0.000
576.054;12.598;6.283;0.000
576.211;20.339;11.335;0.000
576.368;4.759;4.879;0.000
576.524;4.800;12.370;0.000
576.681;10.421;7.281;0.000
576.838;15.901;17.386;0.000
576.995;4.602;7.912;0.000
577.151;15.363;18.982;0.000
577.308;8.104;13.157;0.000
577.465;22.124;13.543;0.000
577.621;12.705;1.946;0.000
577.778;16.186;10.489;0.000
577.935;11.986;15.629;0.000
578.091;14.847;6.067;0.000
578.248;19.028;18.962;0.000
578.405;17.668;14.997;0.000
578.561;12.169;12.961;0.000
578.718;13.290;16.399;0.000
578.875;14.011;7.066;0.000
579.031;27.371;18.539;0.000
579.188;32.332;15.310;0.000
579.344;13.453;11.678;0.000
579.501;10.013;12.731;0.000
579.658;24.994;10.116;0.000
579.814;12.795;10.133;0.000
579.971;29.535;16.379;0.000
580.127;10.676;9.554;0.000
580.284;31.597;17.957;0.000
580.440;14.398;3.114;0.000
580.597;34.478;14.552;0.000
580.754;13.799;11.938;0.000
580.910;14.500;13.289;0.000
581.067;11.180;7.130;0.000
581.223;18.701;10.674;0.000
581.380;17.622;17.480;0.000
581.536;28.562;14.164;0.000
581.693;23.763;10.953;0.000
581.849;30.504;14.216;0.000
582.005;18.565;10.777;0.000
582.162;18.805;14.566;0.000
582.318;11.826;11.882;0.000
582.475;19.547;8.250;0.000
582.631;26.887;16.723;0.000
582.788;26.588;15.565;0.000
582.944;24.489;10.950;0.000
583.101;48.409;20.038;0.000
583.257;17.910;11.669;0.000
583.413;23.791;11.405;0.000
583.570;28.652;5.563;0.000
583.726;18.552;20.246;0.000
583.882;22.553;8.193;0.000
584.039;21.154;15.807;0.000
584.195;30.374;15.930;0.000
584.351;37.735;12.210;0.000
584.508;21.116;17.753;0.000
584.664;28.016;4.104;0.000
584.820;14.377;2.349;0.000
584.977;31.698;12.191;0.000
585.133;37.759;23.839;0.000
585.289;46.759;13.541;0.000
585.446;23.460;12.347;0.000
585.602;27.401;17.084;0.000
585.758;36.501;14.136;0.000
585.915;47.382;17.960;0.000
586.071;53.823;9.574;0.000
586.227;50.003;14.275;0.000
586.383;36.884;8.328;0.000
586.539;66.805;11.239;0.000
586.696;74.786;11.906;0.000
586.852;78.066;16.098;0.000
587.008;96.707;16.975;0.000
587.164;115.928;10.361;0.000
587.321;175.708;6.904;0.000
587.477;194.269;16.027;0.000
587.633;207.490;7.342;0.000
587.789;250.510;9.412;0.000
587.945;353.191;6.025;0.000
588.101;524.412;11.815;0.000
588.258;831.193;12.393;0.000
588.414;1633.393;12.533;0.000
588.570;4013.294;13.989;0.000
588.726;19099.035;22.760;0.000
588.882;62421.295;6.900;0.000
589.038;62783.236;10.216;0.000
589.194;37300.817;16.110;0.000
589.350;36450.577;22.478;0.000
589.506;61733.078;11.302;0.000
589.662;52275.519;18.793;0.000
589.818;25006.979;9.951;0.000
589.975;10082.400;19.301;0.000
590.131;3622.661;13.634;0.000
590.287;1459.242;10.879;0.000
590.443;955.862;16.440;0.000
590.599;610.283;19.036;0.000
590.755;527.644;12.211;0.000
590.911;392.064;21.036;0.000
591.067;356.005;10.807;0.000
591.223;282.386;17.859;0.000
591.379;281.486;14.877;0.000
591.535;224.907;25.859;0.000
591.691;228.688;15.297;0.000
591.847;179.069;22.770;0.000
592.003;201.409;15.577;0.000
592.158;154.910;7.506;0.000
592.314;168.411;9.594;0.000
592.470;156.871;3.190;0.000
592.626;153.872;4.014;0.000
592.782;141.933;20.013;0.000
592.938;160.853;18.522;0.000
593.094;122.894;11.890;0.000
593.250;133.575;14.521;0.000
593.406;130.336;19.801;0.000
593.562;131.036;13.433;0.000
593.717;106.057;8.976;0.000
593.873;111.958;13.730;0.000
594.029;91.818;22.747;0.000
594.185;105.379;14.554;0.000
594.341;84.320;3.483;0.000
594.497;94.220;18.500;0.000
594.652;80.141;11.482;0.000
594.808;97.282;15.166;0.000
594.964;74.823;11.236;0.000
595.120;65.963;9.604;0.000
595.276;67.504;16.569;0.000
595.431;85.165;13.849;0.000
595.587;72.385;16.182;0.000
595.743;70.806;19.445;0.000
595.899;50.267;14.462;0.000
596.054;62.587;14.075;0.000
596.210;67.728;19.865;0.000
596.366;60.049;9.145;0.000
596.522;58.390;21.320;0.000
596.677;71.270;9.793;0.000
596.833;62.891;25.495;0.000
596.989;64.892;16.021;0.000
597.144;49.932;16.213;0.000
597.300;58.173;22.230;0.000
597.456;50.194;22.861;0.000
597.611;53.954;18.931;0.000
597.767;48.455;20.387;0.000
597.923;65.916;17.457;0.000
598.078;57.657;10.474;0.000
598.234;56.797;7.526;0.000
598.389;59.058;25.087;0.000
598.545;57.859;13.403;0.000
598.701;42.839;17.402;0.000
598.856;51.460;12.139;0.000
599.012;56.201;21.665;0.000
599.167;32.661;12.191;0.000
599.323;42.042;14.471;0.000
599.479;40.523;15.383;0.000
599.634;42.944;24.347;0.000
599.790;57.264;14.557;0.000
599.945;51.185;22.855;0.000
600.101;47.546;12.995;0.000
600.256;48.466;16.837;0.000
600.412;39.347;8.749;0.000
600.567;41.728;21.959;0.000
600.723;44.848;14.152;0.000
600.878;53.169;25.642;0.000
601.034;35.470;18.695;0.000
601.189;42.351;13.905;0.000
601.345;54.931;23.869;0.000
601.500;48.252;23.676;0.000
601.655;32.913;23.711;0.000
601.811;40.773;13.623;0.000
601.966;42.614;19.710;0.000
602.122;39.555;12.569;0.000
602.277;30.135;19.341;0.000
602.433;23.896;5.305;0.000
602.588;28.037;7.778;0.000
602.743;40.418;24.813;0.000
602.899;38.058;8.251;0.000
603.054;52.599;21.409;0.000
603.209;41.360;20.338;0.000
603.365;41.180;23.566;0.000
603.520;35.661;19.741;0.000
603.675;25.682;16.092;0.000
603.831;28.222;12.039;0.000
603.986;21.103;22.986;0.000
604.141;38.564;4.231;0.000
604.297;31.985;19.932;0.000
604.452;27.405;23.019;0.000
604.607;29.106;17.002;0.000
604.763;24.627;17.878;0.000
604.918;29.827;25.211;0.000
605.073;22.308;25.772;0.000
605.228;22.569;22.158;0.000
605.384;28.709;23.087;0.000
605.539;22.330;17.087;0.000
605.694;34.351;11.016;0.000
605.849;19.972;13.086;0.000
606.005;24.552;13.173;0.000
606.160;26.653;9.840;0.000
606.315;29.554;29.366;0.000
606.470;47.814;26.383;0.000
606.625;17.055;7.172;0.000
606.780;81.416;40.417;0.000
606.936;14.816;14.820;0.000
607.091;25.137;16.680;0.000
607.246;27.798;16.258;0.000
607.401;25.179;20.731;0.000
607.556;21.519;11.433;0.000
607.711;26.460;21.836;0.000
607.866;37.181;22.730;0.000
608.022;27.521;10.888;0.000
608.177;22.362;12.466;0.000
608.332;27.443;22.027;0.000
608.487;20.163;22.764;0.000
608.642;29.364;17.693;0.000
608.797;21.765;18.745;0.000
608.952;21.646;22.728;0.000
609.107;16.826;14.955;0.000
609.262;15.807;15.446;0.000
609.417;16.708;14.604;0.000
609.572;20.368;8.796;0.000
609.727;13.629;12.726;0.000
609.882;16.890;19.392;0.000
610.037;21.810;9.918;0.000
610.192;24.851;11.654;0.000
610.347;19.172;11.408;0.000
610.502;31.633;20.671;0.000
610.657;19.753;14.179;0.000
610.812;24.634;25.740;0.000
610.967;19.995;25.266;0.000
611.122;18.935;11.476;0.000
611.277;17.496;5.108;0.000
611.432;16.277;20.756;0.000
611.587;11.157;7.282;0.000
611.742;16.498;7.615;0.000
611.896;23.699;18.668;0.000
612.051;17.080;12.597;0.000
612.206;22.420;23.439;0.000
612.361;14.481;17.965;0.000
612.516;10.722;7.736;0.000
612.671;28.162;34.245;0.000
612.826;14.923;13.121;0.000
612.981;31.984;16.331;0.000
613.135;20.244;12.980;0.000
613.290;23.705;17.243;0.000
613.445;10.386;9.734;0.000
613.600;8.307;9.347;0.000
613.755;18.187;21.891;0.000
613.909;29.868;19.627;0.000
614.064;8.729;2.680;0.000
614.219;12.189;10.153;0.000
614.374;16.830;9.486;0.000
614.529;10.911;18.907;0.000
614.683;26.811;18.468;0.000
614.838;4.972;9.660;0.000
614.993;17.133;8.765;0.000
615.147;22.414;23.308;0.000
615.302;24.454;17.606;0.000
615.457;31.975;15.974;0.000
615.612;29.516;23.658;0.000
615.766;41.036;16.623;0.000
615.921;55.277;21.570;0.000
616.076;57.158;17.183;0.000
616.230;41.558;11.832;0.000
616.385;23.359;17.498;0.000
616.540;34.440;11.305;0.000
616.694;24.880;24.392;0.000
616.849;26.481;14.567;0.000
617.003;-3.598;5.865;0.000
617.158;22.403;24.795;0.000
617.313;28.063;18.619;0.000
617.467;17.744;23.443;0.000
617.622;12.305;15.864;0.000
617.776;19.765;7.758;0.000
617.931;14.846;23.547;0.000
618.086;17.427;27.266;0.000
618.240;28.647;5.073;0.000
618.395;21.468;21.476;0.000
618.549;26.549;19.002;0.000
618.704;7.810;11.107;0.000
618.858;10.990;22.036;0.000
619.013;21.911;14.141;0.000
619.167;13.892;17.281;0.000
619.322;33.952;17.491;0.000
619.476;7.593;14.210;0.000
619.631;23.734;15.595;0.000
619.785;26.234;9.665;0.000
619.940;11.095;8.577;0.000
620.094;10.876;17.454;0.000
620.249;14.417;3.945;0.000
620.403;-0.763;13.453;0.000
620.558;7.578;13.979;0.000
620.712;28.939;21.716;0.000
620.866;1.199;9.434;0.000
621.021;15.780;17.785;0.000
621.175;3.081;10.960;0.000
621.330;24.501;21.626;0.000
621.484;-2.778;11.643;0.000
621.638;20.843;21.924;0.000
621.793;16.484;18.029;0.000
621.947;11.084;21.151;0.000
622.101;3.985;18.484;0.000
622.256;7.086;19.624;0.000
622.410;16.266;14.606;0.000
622.564;20.887;25.869;0.000
622.719;2.828;6.886;0.000
622.873;16.368;14.500;0.000
623.027;3.269;24.166;0.000
623.182;-4.110;11.060;0.000
623.336;11.891;21.025;0.000
623.490;2.031;18.463;0.000
623.644;-7.788;13.673;0.000
623.799;13.233;24.848;0.000
623.953;11.613;9.181;0.000
624.107;3.734;17.497;0.000
624.261;7.515;6.882;0.000
624.416;4.295;13.987;0.000
624.570;7.936;8.951;0.000
624.724;13.477;18.091;0.000
624.878;-0.722;13.179;0.000
625.032;11.298;5.705;0.000
625.187;11.979;8.003;0.000
625.341;-3.480;17.441;0.000
625.495;11.500;10.826;0.000
625.649;4.541;11.107;0.000
625.803;31.102;10.562;0.000
625.957;9.402;15.773;0.000
626.112;4.063;10.509;0.000
626.266;9.844;15.544;0.000
626.420;2.225;19.122;0.000
626.574;10.925;11.964;0.000
626.728;7.766;11.385;0.000
626.882;5.467;6.753;0.000
627.036;4.607;14.559;0.000
627.190;18.608;10.699;0.000
627.344;10.109;16.804;0.000
627.498;26.989;16.488;0.000
627.652;19.730;11.944;0.000
627.806;15.591;23.961;0.000
627.960;13.772;14.943;0.000
628.114;11.312;13.837;0.000
628.268;17.873;16.925;0.000
628.422;-0.966;7.275;0.000
628.576;8.634;10.485;0.000
628.730;15.755;18.959;0.000
628.884;-4.984;8.327;0.000
629.038;14.196;10.467;0.000
629.192;13.917;7.168;0.000
629.346;29.418;18.483;0.000
629.500;8.819;7.097;0.000
629.654;7.259;23.290;0.000
629.808;16.880;15.535;0.000
629.962;18.101;11.622;0.000
630.116;8.221;7.815;0.000
630.270;5.682;20.323;0.000
630.424;7.823;8.709;0.000
630.578;15.163;12.112;0.000
630.732;9.664;15.848;0.000
630.885;14.785;11.216;0.000
631.039;6.266;9.391;0.000
631.193;4.286;15.075;0.000
631.347;5.207;4.917;0.000
631.501;4.028;9.004;0.000
631.655;5.188;17.670;0.000
631.808;11.709;4.705;0.000
631.962;-0.450;17.249;0.000
632.116;23.650;10.301;0.000
632.270;-2.549;-1.682;0.000
632.424;22.572;21.511;0.000
632.577;15.193;9.580;0.000
632.731;6.173;11.054;0.000
632.885;14.654;8.141;0.000
633.039;5.795;8.316;0.000
633.192;7.135;12.526;0.000
633.346;18.336;11.421;0.000
633.500;7.357;10.069;0.000
633.654;5.097;16.244;0.000
633.807;20.398;7.472;0.000
633.961;-2.641;15.086;0.000
634.115;-0.820;10.015;0.000
634.268;9.660;21.366;0.000
634.422;4.381;12.751;0.000
634.576;19.642;19.488;0.000
634.729;13.182;3.101;0.000
634.883;15.183;15.171;0.000
635.037;12.904;17.890;0.000
635.190;1.964;2.960;0.000
635.344;-11.235;6.345;0.000
635.498;20.326;10.994;0.000
635.651;7.747;16.625;0.000
635.805;17.807;10.800;0.000
635.958;25.788;12.572;0.000
636.112;-2.131;9.905;0.000
636.265;5.529;2.694;0.000
636.419;6.030;13.097;0.000
636.573;4.611;18.062;0.000
636.726;17.191;16.693;0.000
636.880;10.932;5.499;0.000
637.033;-6.727;12.429;0.000
637.187;13.994;7.762;0.000
637.340;34.874;15.586;0.000
637.494;3.415;10.463;0.000
637.647;13.416;6.217;0.000
637.801;-12.564;16.251;0.000
637.954;12.817;6.777;0.000
638.108;-3.742;5.724;0.000
638.261;3.158;12.461;0.000
638.415;10.119;14.180;0.000
638.568;4.180;12.320;0.000
638.721;-1.119;11.898;0.000
638.875;1.941;11.529;0.000
639.028;6.762;6.634;0.000
639.182;0.243;13.511;0.000
639.335;16.163;8.932;0.000
639.489;6.044;8.931;0.000
639.642;-4.295;1.703;0.000
639.795;7.965;12.141;0.000
639.949;9.286;0.843;0.000
640.102;-3.093;10.070;0.000
640.255;5.928;7.298;0.000
640.409;-4.452;-4.966;0.000
640.562;3.269;14.560;0.000
640.715;17.190;3.946;0.000
640.869;-2.110;6.998;0.000
641.022;8.791;14.138;0.000
641.175;1.672;10.436;0.000
641.329;15.092;24.699;0.000
641.482;6.753;7.488;0.000
641.635;27.214;18.487;0.000
641.788;11.215;-0.232;0.000
641.942;7.175;6.171;0.000
642.095;14.796;14.679;0.000
642.248;1.037;11.240;0.000
642.401;10.297;3.310;0.000
642.555;22.738;17.608;0.000
642.708;13.619;10.222;0.000
642.861;8.059;11.169;0.000
643.014;5.580;12.975;0.000
643.167;10.101;13.589;0.000
643.321;8.801;9.852;0.000
643.474;13.022;7.237;0.000
643.627;11.203;4.921;0.000
643.780;-2.996;11.482;0.000
643.933;6.964;1.166;0.000
644.086;2.765;14.779;0.000
644.239;0.146;6.709;0.000
644.393;7.946;8.761;0.000
644.546;2.327;6.462;0.000
644.699;8.268;9.971;0.000
644.852;2.408;14.690;0.000
645.005;13.169;14.216;0.000
645.158;-2.310;-0.153;0.000
645.311;12.211;2.847;0.000
645.464;4.231;8.758;0.000
645.617;23.892;15.846;0.000
645.770;2.813;6.337;0.000
645.923;8.013;2.319;0.000
646.076;-9.486;8.459;0.000
646.229;11.155;20.651;0.000
646.382;-1.345;7.195;0.000
646.535;-3.924;21.598;0.000
646.688;-12.963;5.387;0.000
646.841;10.198;10.001;0.000
646.994;7.558;9.158;0.000
647.147;-0.561;3.544;0.000
647.300;10.400;-0.878;0.000
647.453;19.800;9.841;0.000
647.606;-1.119;6.560;0.000
647.759;17.542;7.121;0.000
647.912;-1.498;3.893;0.000
648.065;7.963;14.085;0.000
648.218;40.564;25.751;0.000
648.371;0.445;9.839;0.000
648.524;0.965;14.014;0.000
648.676;14.446;6.803;0.000
648.829;2.367;3.346;0.000
648.982;19.367;10.258;0.000
649.135;12.468;9.346;0.000
649.288;9.589;0.872;0.000
649.441;13.569;6.643;0.000
649.594;16.150;16.994;0.000
649.746;5.631;11.748;0.000
649.899;-8.308;15.537;0.000
650.052;-0.048;16.343;0.000
650.205;-2.087;12.185;0.000
650.358;10.194;10.255;0.000
650.510;0.214;1.009;0.000
650.663;-14.325;-0.500;0.000
650.816;-0.064;11.429;0.000
650.969;-12.244;10.692;0.000
651.121;26.557;19.025;0.000
651.274;-7.062;-1.291;0.000
651.427;2.179;9.849;0.000
651.580;23.339;12.971;0.000
651.732;0.040;11.111;0.000
651.885;1.961;13.812;0.000
652.038;-4.659;8.531;0.000
652.190;6.922;13.110;0.000
652.343;-6.457;8.144;0.000
652.496;-3.977;2.951;0.000
652.648;-3.276;16.337;0.000
652.801;12.645;12.828;0.000
652.954;2.746;14.459;0.000
653.106;-3.354;13.493;0.000
653.259;9.107;3.493;0.000
653.411;11.408;12.563;0.000
653.564;-6.372;10.299;0.000
653.717;10.749;-1.508;0.000
653.869;2.450;6.772;0.000
654.022;14.770;9.438;0.000
654.174;2.371;16.228;0.000
654.327;2.832;9.771;0.000
654.480;-8.647;12.086;0.000
654.632;14.053;14.068;0.000
654.785;0.374;19.121;0.000
654.937;12.115;3.506;0.000
655.090;-2.545;6.787;0.000
655.242;10.036;12.330;0.000
655.395;0.757;3.803;0.000
655.547;-3.423;8.329;0.000
655.700;-1.662;-3.250;0.000
655.852;4.459;5.697;0.000
656.005;16.320;18.346;0.000
656.157;-8.680;-3.444;0.000
656.309;3.921;9.257;0.000
656.462;13.062;18.116;0.000
656.614;13.422;16.414;0.000
656.767;5.603;14.853;0.000
656.919;12.104;20.764;0.000
657.072;5.504;11.220;0.000
657.224;5.965;1.009;0.000
657.376;18.326;9.430;0.000
657.529;2.587;11.903;0.000
657.681;-13.273;0.376;0.000
657.833;10.468;12.955;0.000
657.986;-4.171;7.428;0.000
658.138;-5.251;11.516;0.000
658.290;-8.490;-1.906;0.000
658.443;10.171;8.673;0.000
658.595;8.011;11.041;0.000
658.747;10.292;16.777;0.000
658.900;14.953;11.128;0.000
659.052;-12.646;5.496;0.000
659.204;-2.306;11.267;0.000
659.357;5.875;6.039;0.000
659.509;5.456;2.231;0.000
659.661;-4.524;9.968;0.000
659.813;21.577;11.213;0.000
659.966;5.638;8.336;0.000
660.118;5.038;11.984;0.000
660.270;-1.781;1.896;0.000
660.422;4.880;5.089;0.000
660.574;-0.979;3.509;0.000
660.727;6.261;2.597;0.000
660.879;6.582;2.246;0.000
661.031;4.763;8.947;0.000
661.183;4.243;5.683;0.000
661.335;-8.116;7.279;0.000
661.487;-0.195;9.262;0.000
661.640;-7.475;-1.388;0.000
661.792;11.486;3.822;0.000
661.944;10.707;8.155;0.000
662.096;3.848;3.225;0.000
662.248;-6.292;0.488;0.000
662.400;16.129;16.435;0.000
662.552;-6.590;11.189;0.000
662.704;13.630;7.943;0.000
662.856;-0.209;7.995;0.000
663.009;-4.188;7.696;0.000
663.161;-22.088;-6.094;0.000
663.313;5.533;5.450;0.000
663.465;-9.266;3.449;0.000
663.617;6.395;-4.112;0.000
663.769;-6.385;7.729;0.000
663.921;-6.464;0.062;0.000
664.073;2.737;1.185;0.000
664.225;-7.463;7.728;0.000
664.377;-0.642;4.517;0.000
664.529;-0.141;6.184;0.000
664.681;5.919;18.043;0.000
664.833;18.720;10.744;0.000
664.985;10.381;13.270;0.000
665.136;-1.358;5.919;0.000
665.288;-5.478;1.164;0.000
665.440;-4.197;3.041;0.000
665.592;-4.556;12.514;0.000
665.744;1.584;5.268;0.000
665.896;-11.135;2.899;0.000
666.048;3.326;-2.890;0.000
666.200;1.166;-1.715;0.000
666.352;0.007;7.565;0.000
666.504;16.548;6.758;0.000
666.655;17.829;12.161;0.000
666.807;-9.291;5.774;0.000
666.959;-9.870;11.423;0.000
667.111;-3.449;6.405;0.000
667.263;14.691;-0.683;0.000
667.415;10.332;4.229;0.000
667.566;26.213;-0.561;0.000
667.718;-3.307;8.368;0.000
667.870;16.774;3.175;0.000
668.022;16.135;13.701;0.000
668.173;0.056;13.841;0.000
668.325;-0.724;0.402;0.000
668.477;5.657;1.700;0.000
668.629;0.638;14.963;0.000
668.780;21.998;7.524;0.000
668.932;-0.761;-1.003;0.000
669.084;5.280;5.154;0.000
669.236;9.100;5.207;0.000
669.387;14.021;13.329;0.000
669.539;-15.618;2.890;0.000
669.691;1.162;-1.373;0.000
669.842;2.663;4.714;0.000
669.994;10.924;2.819;0.000
670.146;-7.735;10.046;0.000
670.297;4.645;7.958;0.000
670.449;-4.714;3.940;0.000
670.601;1.047;-3.656;0.000
670.752;11.047;9.519;0.000
670.904;24.568;18.852;0.000
671.055;3.089;3.763;0.000
671.207;7.549;11.289;0.000
671.359;1.490;0.061;0.000
671.510;-11.609;-3.694;0.000
671.662;15.392;18.464;0.000
671.813;-4.088;6.656;0.000
671.965;8.553;0.919;0.000
672.116;4.034;6.901;0.000
672.268;2.754;11.971;0.000
672.419;25.795;2.356;0.000
672.571;-3.964;-6.486;0.000
672.722;19.896;10.882;0.000
672.874;12.437;11.215;0.000
673.025;5.178;2.706;0.000
673.177;1.779;5.600;0.000
673.328;24.459;10.898;0.000
673.480;13.280;8.406;0.000
673.631;2.941;7.827;0.000
673.783;-1.259;7.792;0.000
673.934;-11.298;-4.525;0.000
674.086;-6.137;-0.578;0.000
674.237;11.403;13.001;0.000
674.388;-9.216;-1.701;0.000
674.540;0.905;1.298;0.000
674.691;-6.414;5.842;0.000
674.843;11.186;1.087;0.000
674.994;4.547;1.560;0.000
675.145;21.588;8.262;0.000
675.297;0.588;1.279;0.000
675.448;-8.071;2.910;0.000
675.599;7.630;11.418;0.000
675.751;5.050;9.348;0.000
675.902;-15.049;0.786;0.000
676.053;3.472;7.558;0.000
676.205;6.033;11.206;0.000
676.356;6.033;5.417;0.000
676.507;-1.206;6.328;0.000
676.658;3.235;6.995;0.000
676.810;6.175;5.731;0.000
676.961;9.736;11.047;0.000
677.112;2.477;2.853;0.000
677.263;-2.283;11.432;0.000
677.415;10.318;2.887;0.000
677.566;-10.561;5.641;0.000
677.717;0.520;4.852;0.000
677.868;-5.900;1.255;0.000
678.019;10.381;6.658;0.000
678.171;-5.458;2.622;0.000
678.322;7.762;2.043;0.000
678.473;-4.377;7.060;0.000
678.624;7.964;-2.695;0.000
678.775;1.724;1.568;0.000
678.926;2.245;1.287;0.000
679.078;1.206;1.620;0.000
679.229;8.347;8.357;0.000
679.380;-3.413;-4.626;0.000
679.531;15.988;3.531;0.000
679.682;-13.851;3.724;0.000
679.833;19.249;-0.856;0.000
679.984;25.270;14.004;0.000
680.135;-11.769;1.670;0.000
680.286;7.211;-1.453;0.000
680.437;8.132;12.371;0.000
680.588;0.493;-5.840;0.000
680.739;1.994;4.984;0.000
680.890;-7.406;-7.069;0.000
681.041;8.775;2.773;0.000
681.192;-5.864;3.492;0.000
681.343;-7.804;-3.175;0.000
681.494;-1.743;-7.035;0.000
681.645;-12.322;-9.229;0.000
681.796;0.958;6.929;0.000
681.947;-5.121;6.350;0.000
682.098;0.800;10.086;0.000
682.249;14.801;-0.458;0.000
682.400;8.961;-3.792;0.000
682.551;10.682;12.173;0.000
682.702;-17.497;-3.775;0.000
682.853;-2.597;1.540;0.000
683.004;16.484;1.294;0.000
683.155;-1.875;7.294;0.000
683.306;-8.955;6.118;0.000
683.456;8.626;0.802;0.000
683.607;-2.993;-1.620;0.000
683.758;-6.792;6.099;0.000
683.909;15.348;7.502;0.000
684.060;-2.591;-11.305;0.000
684.211;9.710;11.747;0.000
684.361;-7.170;-0.323;0.000
684.512;3.511;12.992;0.000
684.663;-7.048;1.343;0.000
684.814;4.052;8.500;0.000
684.965;-10.507;-0.465;0.000
685.115;10.694;12.833;0.000
685.266;3.655;5.429;0.000
685.417;-2.625;3.516;0.000
685.568;-6.684;-2.993;0.000
685.718;3.577;5.007;0.000
685.869;3.677;-3.450;0.000
686.020;13.998;1.374;0.000
686.171;-3.561;2.251;0.000
686.321;-10.421;-5.311;0.000
686.472;-3.140;-6.574;0.000
686.623;1.541;-0.277;0.000
686.773;9.462;3.056;0.000
686.924;2.102;-5.628;0.000
687.075;19.843;6.021;0.000
687.225;-2.376;1.634;0.000
687.376;-4.196;10.423;0.000
687.527;9.085;7.037;0.000
687.677;16.166;3.019;0.000
687.828;0.206;10.984;0.000
687.978;-0.433;-5.210;0.000
688.129;-13.592;-6.105;0.000
688.280;4.509;7.456;0.000
688.430;1.529;1.508;0.000
688.581;-10.030;-0.369;0.000
688.731;26.991;4.700;0.000
688.882;3.831;10.419;0.000
689.032;-8.288;-6.476;0.000
689.183;-2.527;-1.704;0.000
689.334;3.673;-0.985;0.000
689.484;8.994;-2.863;0.000
689.635;-6.945;-4.021;0.000
689.785;4.236;0.786;0.000
689.936;4.816;0.013;0.000
690.086;-0.543;1.732;0.000
690.236;15.118;15.100;0.000
690.387;11.558;6.854;0.000
690.537;11.319;20.170;0.000
690.688;-17.920;3.801;0.000
690.838;7.160;7.414;0.000
690.989;10.521;4.537;0.000
691.139;-6.558;-6.481;0.000
691.290;-8.737;-9.517;0.000
691.440;13.363;3.834;0.000
691.590;8.044;6.746;0.000
691.741;-6.715;0.903;0.000
691.891;-11.935;-11.781;0.000
692.041;-6.234;7.674;0.000
692.192;-18.633;-8.115;0.000
692.342;3.827;-1.818;0.000
692.492;-7.572;4.989;0.000
692.643;-1.591;14.533;0.000
692.793;7.470;0.199;0.000
692.943;-7.850;3.725;0.000
693.094;-4.729;-3.749;0.000
693.244;-1.688;1.233;0.000
693.394;-11.728;-0.224;0.000
693.545;7.213;-1.961;0.000
693.695;5.774;0.337;0.000
693.845;22.154;9.529;0.000
693.995;-8.685;4.722;0.000
694.146;-7.184;-5.366;0.000
694.296;-0.683;1.756;0.000
694.446;15.537;15.931;0.000
694.596;-0.262;-0.841;0.000
694.746;9.299;-2.701;0.000
694.897;4.599;-5.070;0.000
695.047;9.920;3.228;0.000
695.197;-0.220;8.579;0.000
695.347;11.380;1.877;0.000
695.497;9.320;5.877;0.000
695.647;8.780;6.105;0.000
695.798;15.220;11.649;0.000
695.948;26.500;5.246;0.000
696.098;39.680;-0.211;0.000
696.248;223.540;0.070;0.000
696.398;674.060;4.053;0.000
696.548;617.980;4.333;0.000
696.698;262.080;-7.474;0.000
696.848;109.280;4.316;0.000
696.998;37.860;-3.018;0.000
697.148;26.580;3.649;0.000
697.298;2.060;4.596;0.000
697.448;11.380;-0.193;0.000
697.599;-1.560;5.368;0.000
697.749;-6.160;-1.140;0.000
697.899;17.280;0.965;0.000
698.049;-6.320;2.947;0.000
698.199;2.580;9.860;0.000
698.349;2.040;9.579;0.000
698.498;-10.360;-1.193;0.000
698.648;2.360;3.088;0.000
698.798;24.040;4.000;0.000
698.948;15.300;8.474;0.000
699.098;-3.720;-7.930;0.000
699.248;-10.560;4.386;0.000
699.398;24.500;5.596;0.000
699.548;-19.380;-4.596;0.000
699.698;-5.400;-4.754;0.000
699.848;-9.600;3.035;0.000
699.998;-4.500;-1.281;0.000
700.148;-1.760;1.211;0.000
700.297;43.040;16.912;0.000
700.447;22.160;8.140;0.000
700.597;-8.100;-2.965;0.000
700.747;-13.820;7.351;0.000
700.897;-0.740;-0.614;0.000
701.047;2.200;-0.544;0.000
701.196;11.060;1.421;0.000
701.346;0.540;9.404;0.000
701.496;-7.580;-5.193;0.000
701.646;20.940;0.684;0.000
701.796;-9.560;1.246;0.000
701.945;13.040;-3.614;0.000
702.095;10.400;-4.860;0.000
702.245;5.960;9.456;0.000
702.395;-11.160;-3.561;0.000
702.544;-0.420;4.175;0.000
702.694;-6.800;-2.193;0.000
702.844;22.240;5.860;0.000
702.994;16.040;2.105;0.000
703.143;2.960;-0.702;0.000
703.293;-4.520;2.281;0.000
703.443;-5.140;4.246;0.000
703.592;-8.200;-7.719;0.000
703.742;6.920;1.947;0.000
703.892;-0.740;10.719;0.000
704.041;0.520;9.211;0.000
704.191;-1.700;-8.070;0.000
704.340;-2.720;4.772;0.000
704.490;-0.360;6.614;0.000
704.640;0.820;4.754;0.000
704.789;14.220;3.228;0.000
704.939;12.460;-1.333;0.000
705.088;-2.940;-4.281;0.000
705.238;-8.560;5.053;0.000
705.388;20.780;3.351;0.000
705.537;0.700;-1.509;0.000
705.687;5.080;-1.649;0.000
705.836;8.640;6.614;0.000
705.986;11.360;-3.877;0.000
706.135;5.780;-0.649;0.000
706.285;32.420;1.035;0.000
706.434;170.860;10.719;0.000
706.584;449.240;-0.298;0.000
706.733;379.000;6.632;0.000
706.883;143.120;-1.456;0.000
707.032;71.340;3.561;0.000
707.181;19.880;0.702;0.000
707.331;12.020;6.158;0.000
707.480;4.780;13.544;0.000
707.630;6.320;-0.368;0.000
707.779;-2.840;6.298;0.000
707.929;-0.500;-6.509;0.000
708.078;-4.700;3.877;0.000
708.227;-2.280;-3.772;0.000
708.377;-8.200;-3.193;0.000
708.526;2.920;15.825;0.000
708.675;-9.720;-5.333;0.000
708.825;11.940;11.088;0.000
708.974;-3.680;2.895;0.000
709.123;9.720;0.491;0.000
709.273;18.380;-4.561;0.000
709.422;-0.640;5.737;0.000
709.571;-6.540;-13.526;0.000
709.721;10.480;8.912;0.000
709.870;-6.340;4.509;0.000
710.019;9.480;8.263;0.000
710.169;-16.620;-5.667;0.000
710.318;-0.320;1.439;0.000
710.467;0.200;10.789;0.000
710.616;19.000;-3.298;0.000
710.765;0.800;-5.263;0.000
710.915;-1.780;-0.579;0.000
711.064;-3.820;1.772;0.000
711.213;11.540;8.298;0.000
711.362;5.180;6.895;0.000
711.512;-6.420;4.842;0.000
711.661;5.940;1.123;0.000
711.810;10.680;10.719;0.000
711.959;11.080;1.789;0.000
712.108;23.880;12.491;0.000
712.257;-10.480;1.965;0.000
712.406;9.060;5.684;0.000
712.556;2.600;1.702;0.000
712.705;0.780;4.211;0.000
712.854;8.380;3.860;0.000
713.003;-0.400;0.105;0.000
713.152;-4.140;7.070;0.000
713.301;-11.840;-1.018;0.000
713.450;-19.300;4.526;0.000
713.599;0.840;2.649;0.000
713.748;8.240;-0.404;0.000
713.897;-2.600;-6.860;0.000
714.046;-0.240;4.930;0.000
714.195;15.720;5.123;0.000
714.344;6.140;2.316;0.000
714.493;23.880;-3.772;0.000
714.642;42.440;6.263;0.000
714.791;38.060;3.912;0.000
714.940;22.240;4.421;0.000
715.089;14.440;-6.281;0.000
715.238;1.060;4.018;0.000
715.387;12.840;7.228;0.000
715.536;0.640;2.982;0.000
715.685;15.200;8.982;0.000
715.834;9.800;-2.246;0.000
715.983;5.200;-6.140;0.000
716.132;3.000;-0.333;0.000
716.280;7.420;6.404;0.000
716.429;-6.360;8.596;0.000
716.578;-1.040;2.351;0.000
716.727;-2.580;-2.333;0.000
716.876;-0.360;-4.070;0.000
717.025;1.680;1.474;0.000
717.174;5.280;-2.789;0.000
717.322;3.080;1.246;0.000
717.471;-6.540;-5.877;0.000
717.620;3.020;10.877;0.000
717.769;7.140;4.281;0.000
717.918;0.640;-0.842;0.000
718.066;9.780;7.561;0.000
718.215;12.120;8.737;0.000
718.364;3.540;1.877;0.000
718.513;-1.160;7.070;0.000
718.661;-4.580;-2.772;0.000
718.810;12.480;-2.684;0.000
718.959;-0.920;3.386;0.000
719.108;5.800;0.123;0.000
719.256;-14.620;2.877;0.000
719.405;3.360;4.281;0.000
719.554;2.080;-3.807;0.000
719.702;-1.360;-5.877;0.000
719.851;-3.220;6.053;0.000
720.000;-13.920;-1.456;0.000
720.148;10.860;7.474;0.000
720.297;-1.120;0.474;0.000
720.446;-0.920;-2.351;0.000
720.594;-1.840;2.456;0.000
720.743;-0.800;11.386;0.000
720.891;-3.460;-1.825;0.000
721.040;2.520;-4.474;0.000
721.189;-7.340;3.263;0.000
721.337;2.180;-1.667;0.000
721.486;-7.060;-1.947;0.000
721.634;-7.040;-3.491;0.000
721.783;-7.740;2.544;0.000
721.931;9.800;8.491;0.000
722.080;5.060;1.982;0.000
722.228;10.260;9.228;0.000
722.377;-9.860;-6.070;0.000
722.525;13.200;12.965;0.000
722.674;7.320;4.912;0.000
722.822;15.180;6.561;0.000
722.971;-13.780;-3.053;0.000
723.119;13.360;6.053;0.000
723.268;-25.960;4.404;0.000
723.416;11.400;4.018;0.000
723.565;-22.700;-4.404;0.000
723.713;7.620;15.561;0.000
723.862;-6.740;6.825;0.000
724.010;-9.740;1.193;0.000
724.158;5.580;3.667;0.000
724.307;2.660;-5.211;0.000
724.455;-0.900;2.526;0.000
724.604;1.780;-3.421;0.000
724.752;-4.740;-14.158;0.000
724.900;3.560;5.421;0.000
725.049;-21.000;1.561;0.000
725.197;-3.040;4.474;0.000
725.345;-0.500;-4.684;0.000
725.494;4.740;5.281;0.000
725.642;8.900;4.614;0.000
725.790;-10.920;5.930;0.000
725.938;-9.140;-0.544;0.000
726.087;7.420;-2.211;0.000
726.235;11.020;-3.825;0.000
726.383;2.100;-0.684;0.000
726.531;3.620;-6.561;0.000
726.680;-5.920;-1.632;0.000
726.828;-0.140;6.965;0.000
726.976;34.480;1.439;0.000
727.124;133.060;6.825;0.000
727.273;132.220;6.649;0.000
727.421;38.600;3.316;0.000
727.569;29.100;11.895;0.000
727.717;-0.920;1.561;0.000
727.865;4.620;-7.579;0.000
728.013;16.880;-3.842;0.000
728.162;9.400;9.947;0.000
728.310;-23.180;-4.719;0.000
728.458;-2.280;6.070;0.000
728.606;8.580;1.105;0.000
728.754;-5.600;1.404;0.000
728.902;-17.460;6.789;0.000
729.050;9.720;6.895;0.000
729.198;-3.720;5.947;0.000
729.346;0.140;-2.123;0.000
729.495;-5.980;-4.158;0.000
729.643;-19.860;3.474;0.000
729.791;-1.320;9.421;0.000
729.939;-5.400;-2.895;0.000
730.087;-6.400;-5.456;0.000
730.235;-14.160;-6.105;0.000
730.383;-6.700;-3.386;0.000
730.531;16.660;11.018;0.000
730.679;-2.440;5.860;0.000
730.827;10.380;12.263;0.000
730.975;-2.900;1.632;0.000
731.123;16.080;6.158;0.000
731.271;-12.660;-3.930;0.000
731.419;4.300;-7.860;0.000
731.566;-6.640;3.754;0.000
731.714;13.500;10.228;0.000
731.862;-21.100;-6.368;0.000
732.010;-3.920;7.877;0.000
732.158;-10.900;5.509;0.000
732.306;7.520;-1.474;0.000
732.454;-6.000;-0.632;0.000
732.602;1.260;3.439;0.000
732.750;1.500;6.053;0.000
732.897;10.240;5.386;0.000
733.045;8.380;2.053;0.000
733.193;12.760;8.912;0.000
733.341;3.780;-1.789;0.000
733.489;6.980;-0.474;0.000
733.637;2.540;1.737;0.000
733.784;-20.320;-5.421;0.000
733.932;-5.320;-0.789;0.000
734.080;-2.820;-4.947;0.000
734.228;-14.320;-3.684;0.000
734.375;3.500;11.842;0.000
734.523;-4.080;6.877;0.000
734.671;-7.020;4.579;0.000
734.819;3.200;2.947;0.000
734.966;7.620;1.702;0.000
735.114;-6.120;1.333;0.000
735.262;13.980;1.456;0.000
735.409;-1.520;0.912;0.000
735.557;0.240;0.719;0.000
735.705;11.880;-4.456;0.000
735.852;-15.100;-1.544;0.000
736.000;-0.740;1.684;0.000
736.148;-4.220;5.000;0.000
736.295;7.960;-8.211;0.000
736.443;6.840;0.404;0.000
736.591;-14.820;-1.088;0.000
736.738;-3.340;-3.754;0.000
736.886;9.780;-1.930;0.000
737.033;3.520;4.298;0.000
737.181;16.900;12.930;0.000
737.329;-0.620;5.000;0.000
737.476;-3.120;-1.684;0.000
737.624;17.800;0.526;0.000
737.771;10.660;0.509;0.000
737.919;44.720;1.807;0.000
738.066;226.180;-0.632;0.000
738.214;733.640;4.684;0.000
738.361;714.220;3.684;0.000
738.509;313.400;6.579;0.000
738.656;158.700;4.877;0.000
738.804;51.060;3.772;0.000
738.951;12.700;5.333;0.000
739.099;14.240;4.561;0.000
739.246;-9.860;-5.930;0.000
739.394;11.920;3.912;0.000
739.541;-5.620;1.246;0.000
739.688;13.080;-1.386;0.000
739.836;-12.000;-1.298;0.000
739.983;7.040;-0.842;0.000
740.131;9.900;8.632;0.000
740.278;-13.760;1.070;0.000
740.425;-4.000;1.333;0.000
740.573;-7.300;3.421;0.000
740.720;6.160;7.509;0.000
740.867;-9.760;0.228;0.000
741.015;-7.920;-4.719;0.000
741.162;-4.100;5.912;0.000
741.309;2.900;-4.965;0.000
741.457;6.920;8.456;0.000
741.604;-5.020;1.298;0.000
741.751;8.720;-1.421;0.000
741.898;0.940;5.333;0.000
742.046;13.420;8.579;0.000
742.193;-1.260;5.439;0.000
742.340;0.360;6.842;0.000
742.487;-2.120;-8.737;0.000
742.635;-4.400;1.982;0.000
742.782;3.460;0.035;0.000
742.929;6.600;2.053;0.000
743.076;-3.440;7.123;0.000
743.224;15.520;-3.456;0.000
743.371;-6.460;5.895;0.000
743.518;-4.780;0.439;0.000
743.665;-6.560;5.947;0.000
743.812;10.260;10.123;0.000
743.959;-2.160;2.351;0.000
744.106;-4.300;3.456;0.000
744.254;1.740;-2.789;0.000
744.401;-2.400;-11.281;0.000
744.548;-14.740;1.807;0.000
744.695;1.740;6.298;0.000
744.842;-8.000;-3.579;0.000
744.989;-6.800;3.439;0.000
745.136;-19.540;-2.684;0.000
745.283;3.020;-2.930;0.000
745.430;-2.500;0.526;0.000
745.577;3.240;0.561;0.000
745.724;6.540;2.947;0.000
745.871;11.400;7.175;0.000
746.018;-9.620;3.491;0.000
746.165;8.500;-0.088;0.000
746.312;10.480;3.053;0.000
746.459;-1.280;1.281;0.000
746.606;-5.340;0.632;0.000
746.753;1.000;3.632;0.000
746.900;-4.200;-5.596;0.000
747.047;9.860;2.158;0.000
747.194;2.980;0.596;0.000
747.341;8.680;0.912;0.000
747.488;2.640;2.228;0.000
747.635;-8.940;2.053;0.000
747.782;8.960;-1.737;0.000
747.929;-9.220;7.509;0.000
748.076;-1.000;2.456;0.000
748.222;10.360;-1.772;0.000
748.369;6.680;-6.263;0.000
748.516;-25.560;-6.930;0.000
748.663;-9.940;7.386;0.000
748.810;-12.120;5.491;0.000
748.957;2.680;-12.702;0.000
749.103;-0.640;-2.228;0.000
749.250;5.500;-1.614;0.000
749.397;8.180;8.193;0.000
749.544;0.800;-5.088;0.000
749.691;17.200;-8.246;0.000
749.837;28.960;-10.351;0.000
749.984;93.940;1.561;0.000
750.131;404.080;2.193;0.000
750.278;672.740;4.895;0.000
750.424;355.660;-1.579;0.000
750.571;154.740;-2.860;0.000
750.718;64.460;-2.544;0.000
750.864;51.540;0.368;0.000
751.011;53.120;2.596;0.000
751.158;284.120;4.754;0.000
751.304;656.380;12.000;0.000
751.451;508.860;0.772;0.000
751.598;208.820;-2.281;0.000
751.744;71.820;0.439;0.000
751.891;42.220;4.614;0.000
752.038;24.860;5.684;0.000
752.184;11.840;4.421;0.000
752.331;0.200;6.561;0.000
752.477;-0.660;-20.561;0.000
752.624;2.680;9.035;0.000
752.771;1.040;-7.684;0.000
752.917;7.120;9.895;0.000
753.064;-3.900;-3.228;0.000
753.210;4.280;5.386;0.000
753.357;-9.680;2.526;0.000
753.503;15.000;7.807;0.000
753.650;-20.760;-2.842;0.000
753.796;-7.720;2.035;0.000
753.943;3.400;8.018;0.000
754.089;14.020;3.772;0.000
754.236;-12.700;0.316;0.000
754.382;10.280;3.930;0.000
754.529;9.680;-2.912;0.000
754.675;-1.640;5.789;0.000
754.822;-19.540;-13.614;0.000
754.968;-19.940;1.351;0.000
755.115;-9.800;-7.754;0.000
755.261;1.220;2.035;0.000
755.407;2.780;9.509;0.000
755.554;8.520;6.895;0.000
755.700;-30.520;3.316;0.000
755.846;7.420;-0.368;0.000
755.993;8.120;-0.614;0.000
756.139;10.560;7.018;0.000
756.286;1.860;-0.316;0.000
756.432;10.700;13.035;0.000
756.578;-12.440;-12.930;0.000
756.725;-6.240;-0.193;0.000
756.871;2.160;5.719;0.000
757.017;1.260;5.509;0.000
757.163;0.400;1.807;0.000
757.310;5.840;-3.421;0.000
757.456;-3.820;-6.088;0.000
757.602;1.660;-6.193;0.000
757.748;0.540;-4.807;0.000
757.895;9.800;-1.088;0.000
758.041;2.780;-2.684;0.000
758.187;19.240;12.895;0.000
758.333;-7.360;-3.982;0.000
758.480;-12.340;0.246;0.000
758.626;1.680;-4.807;0.000
758.772;-7.940;1.386;0.000
758.918;-4.420;-4.596;0.000
759.064;-8.420;-15.877;0.000
759.210;11.760;4.684;0.000
759.357;5.740;8.754;0.000
759.503;2.480;4.070;0.000
759.649;15.360;-3.544;0.000
759.795;12.520;8.947;0.000
759.941;5.840;-3.386;0.000
760.087;2.020;1.930;0.000
760.233;-12.800;-3.596;0.000
760.379;-1.800;5.175;0.000
760.525;16.140;6.895;0.000
760.671;4.400;0.842;0.000
760.817;-0.280;-0.842;0.000
760.963;-8.580;4.912;0.000
761.110;-1.440;5.386;0.000
761.256;-6.600;4.930;0.000
761.402;10.400;6.263;0.000
761.548;0.880;-0.070;0.000
761.694;8.420;9.947;0.000
761.840;-6.440;2.596;0.000
761.985;2.720;3.789;0.000
762.131;11.480;0.825;0.000
762.277;11.480;2.754;0.000
762.423;16.820;10.684;0.000
762.569;12.340;3.070;0.000
762.715;28.340;-1.474;0.000
762.861;56.940;4.158;0.000
763.007;169.860;-0.596;0.000
763.153;735.100;12.509;0.000
763.299;2494.620;9.491;0.000
763.445;2665.740;4.789;0.000
763.591;1252.640;0.509;0.000
763.736;565.500;-1.912;0.000
763.882;212.600;-2.737;0.000
764.028;90.460;5.246;0.000
764.174;59.040;11.614;0.000
764.320;42.940;-4.053;0.000
764.466;24.920;2.140;0.000
764.611;15.240;-2.333;0.000
764.757;21.760;2.807;0.000
764.903;18.400;3.614;0.000
765.049;9.440;-4.070;0.000
765.194;10.460;9.053;0.000
765.340;3.980;1.982;0.000
765.486;9.700;4.158;0.000
765.632;7.540;-5.860;0.000
765.777;32.600;-1.088;0.000
765.923;29.860;-4.070;0.000
766.069;126.940;-5.404;0.000
766.214;614.840;-5.649;0.000
766.360;1041.500;2.123;0.000
766.506;652.240;4.404;0.000
766.651;291.140;12.544;0.000
766.797;110.700;0.439;0.000
766.943;40.740;-2.667;0.000
767.088;11.660;0.105;0.000
767.234;9.040;-8.807;0.000
767.380;24.220;-1.965;0.000
767.525;10.560;5.386;0.000
767.671;-10.820;4.281;0.000
767.816;8.980;8.544;0.000
767.962;27.180;4.912;0.000
768.108;-4.020;0.281;0.000
768.253;7.320;2.982;0.000
768.399;2.960;8.947;0.000
768.544;4.220;-7.158;0.000
768.690;6.160;-1.211;0.000
768.835;-6.880;-5.526;0.000
768.981;14.680;9.912;0.000
769.126;11.440;-3.228;0.000
769.272;19.820;15.684;0.000
769.417;24.920;-1.772;0.000
769.563;203.780;0.825;0.000
769.708;564.100;2.667;0.000
769.854;502.680;-2.088;0.000
769.999;219.960;5.526;0.000
770.144;77.680;-6.719;0.000
770.290;33.560;-3.825;0.000
770.435;7.280;1.456;0.000
770.581;4.600;4.053;0.000
770.726;4.640;1.456;0.000
770.871;12.660;4.860;0.000
771.017;1.700;-2.544;0.000
771.162;4.980;7.649;0.000
771.308;10.740;1.123;0.000
771.453;20.100;-4.491;0.000
771.598;4.360;1.965;0.000
771.744;14.720;-5.000;0.000
771.889;51.540;6.544;0.000
772.034;209.160;-7.474;0.000
772.179;779.600;3.772;0.000
772.325;883.880;3.754;0.000
772.470;405.560;-5.667;0.000
772.615;172.160;4.368;0.000
772.761;73.760;-0.018;0.000
772.906;32.520;3.000;0.000
773.051;0.100;0.947;0.000
773.196;-6.860;-3.526;0.000
773.341;7.720;8.123;0.000
773.487;-9.280;-8.772;0.000
773.632;5.420;6.140;0.000
773.777;22.680;5.351;0.000
773.922;5.100;2.404;0.000
774.067;13.180;2.333;0.000
774.213;-3.320;-6.000;0.000
774.358;12.100;2.035;0.000
774.503;7.140;3.456;0.000
774.648;10.680;3.684;0.000
774.793;9.800;0.211;0.000
774.938;-9.180;3.789;0.000
775.083;23.020;7.982;0.000
775.228;-8.480;-3.877;0.000
775.373;-1.900;-1.158;0.000
775.519;1.420;0.667;0.000
775.664;4.620;0.719;0.000
775.809;-21.640;-2.825;0.000
775.954;10.060;-2.649;0.000
776.099;0.880;0.018;0.000
776.244;6.240;1.386;0.000
776.389;-21.060;0.263;0.000
776.534;12.460;6.842;0.000
776.679;3.300;0.018;0.000
776.824;-2.740;-1.175;0.000
776.969;-6.920;-5.632;0.000
777.114;2.320;-10.053;0.000
777.259;-14.480;-0.842;0.000
777.404;0.580;6.684;0.000
777.548;-18.680;-8.596;0.000
777.693;9.940;6.912;0.000
777.838;-13.200;-6.544;0.000
777.983;2.400;3.439;0.000
778.128;-19.520;-9.649;0.000
778.273;8.040;-3.491;0.000
778.418;4.920;10.596;0.000
778.563;-6.020;-5.368;0.000
778.708;9.800;-2.281;0.000
778.852;15.280;11.614;0.000
778.997;-10.620;1.158;0.000
779.142;1.100;6.719;0.000
779.287;1.780;3.596;0.000
779.432;-4.660;-5.018;0.000
779.577;-1.720;1.351;0.000
779.721;13.680;-1.526;0.000
779.866;7.020;-8.789;0.000
780.011;15.140;5.088;0.000
780.156;-6.100;-3.018;0.000
780.300;-13.760;2.596;0.000
780.445;-11.420;-3.368;0.000
780.590;-5.360;3.018;0.000
780.735;-11.520;1.579;0.000
780.879;-4.160;2.912;0.000
781.024;-9.540;-5.421;0.000
781.169;7.500;-3.088;0.000
781.313;-2.980;5.140;0.000
781.458;5.700;-1.965;0.000
781.603;-17.480;-2.333;0.000
781.747;5.080;3.158;0.000
781.892;4.200;-5.474;0.000
782.037;-11.860;2.281;0.000
782.181;-16.560;-8.825;0.000
782.326;-0.240;2.614;0.000
782.470;-9.820;3.789;0.000
782.615;-3.940;5.158;0.000
782.760;12.460;-2.368;0.000
782.904;-3.240;0.246;0.000
783.049;12.400;2.035;0.000
783.193;5.760;13.772;0.000
783.338;17.100;3.509;0.000
783.482;16.520;8.860;0.000
783.627;-8.320;-2.649;0.000
783.771;12.920;11.930;0.000
783.916;3.960;-4.649;0.000
784.060;2.360;2.667;0.000
784.205;-7.260;-13.439;0.000
784.349;-6.000;2.386;0.000
784.494;22.620;1.965;0.000
784.638;-2.700;8.158;0.000
784.783;8.660;-1.193;0.000
784.927;-4.960;-1.772;0.000
785.072;6.820;1.386;0.000
785.216;-0.440;4.965;0.000
785.360;-5.920;0.702;0.000
785.505;-5.540;-3.316;0.000
785.649;-16.600;-3.175;0.000
785.793;5.960;-4.544;0.000
785.938;-7.460;-2.649;0.000
786.082;-1.240;4.105;0.000
786.227;5.260;4.684;0.000
786.371;9.800;4.561;0.000
786.515;-11.860;-5.456;0.000
786.660;-9.660;0.018;0.000
786.804;-8.640;1.281;0.000
786.948;-1.720;-0.947;0.000
787.092;-7.960;1.140;0.000
787.237;-4.060;-2.474;0.000
787.381;4.020;0.860;0.000
787.525;-7.500;-0.544;0.000
787.669;3.660;-7.421;0.000
787.814;10.020;-1.000;0.000
787.958;-13.620;-11.316;0.000
788.102;-2.120;3.491;0.000
788.246;-7.000;-2.719;0.000
788.391;7.040;3.351;0.000
788.535;3.000;-0.842;0.000
788.679;-1.220;6.491;0.000
788.823;-1.120;-0.298;0.000
788.967;-6.620;-0.158;0.000
789.111;-1.080;3.456;0.000
789.256;1.100;1.667;0.000
789.400;-8.820;-9.456;0.000
789.544;-1.920;-0.368;0.000
789.688;9.580;1.860;0.000
789.832;8.380;6.737;0.000
789.976;-11.000;3.719;0.000
790.120;-7.120;-0.544;0.000
790.264;0.220;-6.860;0.000
790.408;12.840;0.632;0.000
790.552;-9.540;-5.719;0.000
790.696;-3.120;5.404;0.000
790.840;-1.320;1.351;0.000
790.984;-2.140;-5.649;0.000
791.128;5.600;4.789;0.000
791.272;3.640;2.456;0.000
791.416;14.900;2.895;0.000
791.560;-4.880;5.158;0.000
791.704;-6.440;-2.351;0.000
791.848;-2.120;-4.789;0.000
791.992;-4.600;-4.298;0.000
792.136;-23.920;-4.754;0.000
792.280;-4.140;-8.000;0.000
792.424;3.040;3.825;0.000
792.568;-13.680;0.439;0.000
792.712;-3.900;-0.702;0.000
792.856;3.920;0.246;0.000
793.000;4.820;-0.333;0.000
793.144;5.280;2.947;0.000
793.287;16.120;1.982;0.000
793.431;-3.440;0.491;0.000
793.575;4.260;10.351;0.000
793.719;6.180;6.035;0.000
793.863;-7.560;5.596;0.000
794.007;9.040;-6.842;0.000
794.150;21.620;2.105;0.000
794.294;23.680;-9.860;0.000
794.438;136.380;4.544;0.000
794.582;560.200;6.351;0.000
794.725;625.180;11.947;0.000
794.869;265.520;0.333;0.000
795.013;98.280;-1.544;0.000
795.157;43.360;8.070;0.000
795.300;4.220;2.544;0.000
795.444;-3.220;-4.316;0.000
795.588;-3.420;5.140;0.000
795.732;1.480;-0.333;0.000
795.875;0.980;-3.088;0.000
796.019;-7.320;2.333;0.000
796.163;-1.120;0.000;0.000
796.306;2.540;-6.474;0.000
796.450;-4.420;6.123;0.000
796.593;6.380;-3.333;0.000
796.737;0.880;3.368;0.000
796.881;-10.460;5.860;0.000
797.024;11.180;5.000;0.000
797.168;-11.380;-6.333;0.000
797.311;11.260;-2.912;0.000
797.455;-4.040;1.825;0.000
797.599;6.760;-2.228;0.000
797.742;-21.100;-2.684;0.000
797.886;11.040;10.719;0.000
798.029;-7.340;0.789;0.000
798.173;-4.860;7.754;0.000
798.316;-2.220;-0.982;0.000
798.460;-0.400;5.404;0.000
798.603;8.180;5.702;0.000
798.747;-3.360;8.333;0.000
798.890;4.020;-6.439;0.000
799.034;3.140;1.228;0.000
799.177;-5.380;-5.175;0.000
799.321;9.860;-5.912;0.000
799.464;-1.880;8.421;0.000
799.607;0.720;-4.421;0.000
799.751;4.700;7.421;0.000
799.894;-0.880;2.368;0.000
800.038;5.840;-3.825;0.000
800.181;39.260;3.877;0.000
800.324;211.860;-5.053;0.000
800.468;357.140;6.947;0.000
800.611;225.780;6.842;0.000
800.754;100.440;-8.561;0.000
800.898;41.120;2.140;0.000
801.041;92.180;11.105;0.000
801.184;412.700;-4.193;0.000
801.328;734.940;7.175;0.000
801.471;400.980;-1.579;0.000
801.614;139.120;-0.474;0.000
801.758;45.800;-3.860;0.000
801.901;26.080;-0.684;0.000
802.044;-2.460;-3.544;0.000
802.187;19.580;-7.632;0.000
802.331;9.260;3.386;0.000
802.474;11.060;7.860;0.000
802.617;-14.780;-2.649;0.000
802.760;-7.480;3.632;0.000
802.903;-3.000;1.702;0.000
803.047;0.660;3.246;0.000
803.190;2.680;-9.351;0.000
803.333;6.940;4.596;0.000
803.476;-14.860;-4.386;0.000
803.619;9.440;13.544;0.000
803.762;-0.840;-7.018;0.000
803.906;-4.360;-2.667;0.000
804.049;-2.340;2.404;0.000
804.192;3.340;1.070;0.000
804.335;-9.220;-6.667;0.000
804.478;0.480;6.754;0.000
804.621;-18.520;-2.421;0.000
804.764;0.280;-2.105;0.000
804.907;7.260;-3.088;0.000
805.050;5.520;-2.754;0.000
805.193;7.700;0.982;0.000
805.336;10.280;0.439;0.000
805.479;-2.860;2.895;0.000
805.622;0.140;-3.439;0.000
805.765;-5.440;-2.930;0.000
805.908;9.160;0.982;0.000
806.051;-0.500;-7.754;0.000
806.194;6.020;7.088;0.000
806.337;-7.200;-5.386;0.000
806.480;-6.600;-0.193;0.000
806.623;-21.880;3.368;0.000
806.766;7.780;8.895;0.000
806.909;-6.060;-1.702;0.000
807.052;11.680;14.667;0.000
807.195;-3.980;-2.982;0.000
807.338;0.400;0.053;0.000
807.480;-2.140;3.421;0.000
807.623;4.880;1.053;0.000
807.766;5.820;4.877;0.000
807.909;-9.360;6.105;0.000
808.052;13.900;1.509;0.000
808.195;0.220;3.456;0.000
808.337;28.780;13.175;0.000
808.480;8.600;3.035;0.000
808.623;-10.540;-7.526;0.000
808.766;10.260;-0.702;0.000
808.909;20.240;1.105;0.000
809.051;-10.840;-0.544;0.000
809.194;2.920;-6.930;0.000
809.337;9.880;5.737;0.000
809.480;1.640;-1.965;0.000
809.622;27.840;-0.368;0.000
809.765;27.820;-1.561;0.000
809.908;80.960;-4.456;0.000
810.050;376.700;0.789;0.000
810.193;839.980;-2.632;0.000
810.336;589.560;2.632;0.000
810.478;208.040;8.175;0.000
810.621;95.780;-8.105;0.000
810.764;60.520;-4.982;0.000
810.906;80.060;-0.491;0.000
811.049;176.880;5.070;0.000
811.192;1105.060;8.404;0.000
811.334;2916.300;27.912;0.000
811.477;2316.860;5.123;0.000
811.619;867.880;6.754;0.000
811.762;362.920;-5.526;0.000
811.904;149.380;8.614;0.000
812.047;57.040;8.368;0.000
812.190;49.040;4.772;0.000
812.332;28.980;-1.579;0.000
812.475;12.340;3.439;0.000
812.617;19.320;5.649;0.000
812.760;25.140;-10.211;0.000
812.902;21.300;7.596;0.000
813.045;3.980;2.140;0.000
813.187;0.180;-3.140;0.000
813.330;9.540;-1.281;0.000
813.472;15.320;1.351;0.000
813.614;25.800;-0.368;0.000
813.757;21.240;-0.754;0.000
813.899;16.060;1.298;0.000
814.042;9.340;9.000;0.000
814.184;19.200;7.316;0.000
814.326;3.740;8.772;0.000
814.469;-0.900;-10.474;0.000
814.611;-0.500;6.947;0.000
814.754;26.680;-2.105;0.000
814.896;-12.860;-8.930;0.000
815.038;-4.180;-0.684;0.000
815.181;-6.960;-7.211;0.000
815.323;-7.660;2.649;0.000
815.465;5.120;-3.018;0.000
815.608;18.560;8.930;0.000
815.750;10.040;5.421;0.000
815.892;10.420;5.544;0.000
816.034;-6.080;-6.807;0.000
816.177;2.920;-0.632;0.000
816.319;8.440;6.842;0.000
816.461;-2.020;2.912;0.000
816.603;-4.580;-0.632;0.000
816.746;4.000;2.246;0.000
816.888;9.620;2.053;0.000
817.030;14.960;-0.474;0.000
817.172;-2.460;2.263;0.000
817.314;10.940;-11.158;0.000
817.457;1.040;-5.246;0.000
817.599;3.140;0.175;0.000
817.741;7.980;-5.018;0.000
817.883;22.400;7.895;0.000
818.025;92.920;-3.526;0.000
818.167;162.740;7.561;0.000
818.309;102.240;-3.439;0.000
818.451;26.980;-2.772;0.000
818.594;6.220;0.982;0.000
818.736;26.060;-4.421;0.000
818.878;27.340;1.737;0.000
819.020;38.840;-1.789;0.000
819.162;134.360;-2.000;0.000
819.304;332.740;-2.333;0.000
819.446;210.140;-4.053;0.000
819.588;93.600;4.842;0.000
819.730;33.420;3.140;0.000
819.872;22.140;-4.491;0.000
820.014;12.760;-1.509;0.000
820.156;1.640;2.298;0.000
820.298;-1.780;0.807;0.000
820.440;13.020;5.140;0.000
820.582;-1.520;-4.333;0.000
820.724;-10.780;-0.614;0.000
820.866;8.440;4.053;0.000
821.007;-0.980;-1.246;0.000
821.149;4.140;0.947;0.000
821.291;5.380;-2.754;0.000
821.433;2.680;-4.895;0.000
821.575;4.080;4.263;0.000
821.717;-14.600;-3.509;0.000
821.859;5.840;4.526;0.000
822.001;6.880;-4.105;0.000
822.142;2.480;6.982;0.000
822.284;-9.620;-9.877;0.000
822.426;-2.220;12.596;0.000
822.568;6.580;-0.105;0.000
822.710;-3.900;0.105;0.000
822.851;9.880;-2.158;0.000
822.993;18.820;6.123;0.000
823.135;2.120;11.456;0.000
823.277;6.400;-7.123;0.000
823.418;-5.960;-4.895;0.000
823.560;3.080;2.439;0.000
823.702;-14.840;-0.158;0.000
823.844;0.300;-2.754;0.000
823.985;10.380;11.175;0.000
824.127;7.280;-1.509;0.000
824.269;-2.520;-2.632;0.000
824.410;-9.800;-1.368;0.000
824.552;5.180;0.404;0.000
824.694;7.360;1.807;0.000
824.835;-7.500;3.895;0.000
824.977;1.940;4.895;0.000
825.119;-13.800;-6.351;0.000
825.260;-2.460;-1.649;0.000
825.402;7.660;-2.842;0.000
825.543;7.200;-0.737;0.000
825.685;-0.500;1.947;0.000
825.826;18.700;1.702;0.000
825.968;11.980;6.807;0.000
826.110;136.020;-2.158;0.000
826.251;415.540;2.281;0.000
826.393;337.060;-5.526;0.000
826.534;113.460;-3.175;0.000
826.676;41.580;5.684;0.000
826.817;20.600;-0.175;0.000
826.959;26.040;8.702;0.000
827.100;-8.100;-14.298;0.000
827.242;0.900;-3.000;0.000
827.383;3.340;-1.053;0.000
827.524;1.720;5.035;0.000
827.666;0.140;-2.351;0.000
827.807;5.500;4.193;0.000
827.949;8.420;3.000;0.000
828.090;10.420;3.088;0.000
828.232;14.720;0.140;0.000
828.373;8.780;9.614;0.000
828.514;-8.120;-0.246;0.000
828.656;11.100;4.456;0.000
828.797;-12.480;-0.246;0.000
828.938;3.740;0.439;0.000
829.080;-0.420;5.702;0.000
829.221;-2.940;1.368;0.000
829.362;-7.320;-3.053;0.000
829.504;3.660;-1.386;0.000
829.645;-21.440;-8.895;0.000
829.786;21.980;6.526;0.000
829.927;-6.460;-5.158;0.000
830.069;-10.760;-0.018;0.000
830.210;2.800;1.509;0.000
830.351;8.760;0.719;0.000
830.492;4.660;-2.298;0.000
830.634;4.080;-0.211;0.000
830.775;-9.240;7.649;0.000
830.916;4.300;8.719;0.000
831.057;21.980;9.316;0.000
831.198;-5.140;-1.053;0.000
831.340;-2.300;-5.018;0.000
831.481;14.580;7.912;0.000
831.622;-2.740;-1.175;0.000
831.763;-4.400;-0.702;0.000
831.904;5.340;-1.105;0.000
832.045;5.720;0.754;0.000
832.186;1.520;-5.965;0.000
832.327;8.640;2.912;0.000
832.469;-6.620;-3.754;0.000
832.610;16.820;11.930;0.000
832.751;5.100;5.614;0.000
832.892;3.440;5.228;0.000
833.033;1.120;14.632;0.000
833.174;15.340;-2.211;0.000
833.315;0.140;-1.211;0.000
833.456;-7.280;6.158;0.000
833.597;-1.220;-2.754;0.000
833.738;-9.820;4.000;0.000
833.879;-17.320;-8.667;0.000
834.020;-0.140;-3.053;0.000
834.161;-3.140;-10.316;0.000
834.302;-1.320;-3.860;0.000
834.443;-6.440;-0.877;0.000
834.584;9.700;10.386;0.000
834.725;-0.960;-1.298;0.000
834.865;13.200;-9.684;0.000
835.006;-8.520;0.053;0.000
835.147;7.240;-2.667;0.000
835.288;-10.840;1.035;0.000
835.429;14.440;9.667;0.000
835.570;-1.420;1.789;0.000
835.711;-7.600;2.000;0.000
835.852;-0.860;7.105;0.000
835.992;2.760;5.298;0.000
836.133;-9.540;3.035;0.000
836.274;10.740;6.351;0.000
836.415;3.220;2.772;0.000
836.556;2.700;12.684;0.000
836.696;-11.160;-7.579;0.000
836.837;17.860;7.105;0.000
836.978;14.000;8.175;0.000
837.119;-0.340;-0.860;0.000
837.259;1.800;0.895;0.000
837.400;7.820;10.491;0.000
837.541;-6.180;-8.263;0.000
837.682;4.780;-4.807;0.000
837.822;3.520;-4.860;0.000
837.963;-5.100;3.088;0.000
838.104;-15.300;-9.298;0.000
838.244;-9.020;1.684;0.000
838.385;-2.880;0.596;0.000
838.526;-7.780;1.018;0.000
838.666;-1.740;4.439;0.000
838.807;6.140;3.175;0.000
838.947;7.100;1.000;0.000
839.088;2.680;2.561;0.000
839.229;-5.420;-13.544;0.000
839.369;4.180;6.579;0.000
839.510;4.020;-3.246;0.000
839.650;-0.300;-1.579;0.000
839.791;14.540;0.088;0.000
839.931;24.940;-4.579;0.000
840.072;12.020;0.912;0.000
840.212;11.360;0.474;0.000
840.353;25.060;2.895;0.000
840.493;239.600;1.754;0.000
840.634;628.240;-3.702;0.000
840.774;465.320;2.754;0.000
840.915;133.260;-8.702;0.000
841.055;59.380;1.842;0.000
841.196;28.440;3.456;0.000
841.336;3.320;-2.684;0.000
841.477;5.820;-2.333;0.000
841.617;30.740;-1.053;0.000
841.757;9.160;-8.140;0.000
841.898;31.240;6.123;0.000
842.038;74.200;-3.158;0.000
842.179;574.680;8.544;0.000
842.319;994.320;-5.333;0.000
842.459;528.860;0.632;0.000
842.600;163.340;6.316;0.000
842.740;51.540;1.088;0.000
842.880;25.040;-7.982;0.000
843.021;23.740;12.491;0.000
843.161;6.600;0.298;0.000
843.301;5.920;0.316;0.000
843.442;0.600;-2.754;0.000
843.582;2.320;-1.614;0.000
843.722;-4.840;-2.158;0.000
843.862;4.320;18.772;0.000
844.003;3.420;4.018;0.000
844.143;11.640;4.737;0.000
844.283;-7.000;-5.772;0.000
844.423;3.160;12.474;0.000
844.563;-0.680;-1.491;0.000
844.704;-2.080;-4.018;0.000
844.844;5.120;-4.035;0.000
844.984;-4.040;-8.035;0.000
845.124;-11.540;0.263;0.000
845.264;-8.340;-0.158;0.000
845.404;10.320;-3.649;0.000
845.544;-9.440;11.158;0.000
845.685;-16.620;1.158;0.000
845.825;-7.320;1.228;0.000
845.965;-6.460;5.684;0.000
846.105;4.620;1.544;0.000
846.245;6.700;3.158;0.000
846.385;9.060;4.544;0.000
846.525;-13.940;0.000;0.000
846.665;5.060;5.456;0.000
846.805;-20.520;-6.351;0.000
846.945;-0.340;5.281;0.000
847.085;-9.060;-2.351;0.000
847.225;-5.020;4.263;0.000
847.365;-1.280;5.895;0.000
847.505;1.640;-2.667;0.000
847.645;-6.240;-5.789;0.000
847.785;4.180;-1.158;0.000
847.925;-2.080;-0.211;0.000
848.065;6.900;-3.175;0.000
848.205;7.860;-0.123;0.000
848.345;-16.240;-1.175;0.000
848.485;-9.960;-2.544;0.000
848.625;10.360;-0.123;0.000
848.764;-11.120;-8.351;0.000
848.904;2.140;-5.754;0.000
849.044;-10.580;6.649;0.000
849.184;-12.260;-7.088;0.000
849.324;-0.900;-0.053;0.000
849.464;3.980;2.965;0.000
849.604;-1.760;13.140;0.000
849.743;5.660;3.667;0.000
849.883;8.860;0.877;0.000
850.023;1.100;-4.965;0.000
850.163;-1.400;-7.860;0.000
850.303;4.720;8.368;0.000
850.442;-0.260;9.439;0.000
850.582;-19.040;-2.912;0.000
850.722;-7.140;-11.930;0.000
850.862;-0.320;-1.298;0.000
851.001;-14.840;-2.474;0.000
851.141;13.440;11.632;0.000
851.281;4.600;-4.316;0.000
851.420;-5.580;3.316;0.000
851.560;-0.500;-4.088;0.000
851.700;14.360;7.789;0.000
851.839;126.600;5.719;0.000
851.979;250.640;8.544;0.000
852.119;159.380;1.070;0.000
852.258;61.200;-7.333;0.000
852.398;23.560;2.737;0.000
852.537;-3.020;-6.561;0.000
852.677;12.580;4.175;0.000
852.817;-12.580;-1.053;0.000
852.956;-11.160;4.807;0.000
853.096;8.640;3.333;0.000
853.235;-6.740;-3.368;0.000
853.375;11.320;1.737;0.000
853.514;-9.600;0.140;0.000
853.654;-5.020;-0.351;0.000
853.793;-5.820;3.263;0.000
853.933;-5.560;-6.912;0.000
854.072;-6.440;-2.386;0.000
854.212;-3.080;-5.351;0.000
854.351;11.600;4.860;0.000
854.491;4.120;6.105;0.000
854.630;3.700;0.123;0.000
854.770;-7.620;-0.211;0.000
854.909;7.180;-7.579;0.000
855.048;7.080;0.772;0.000
855.188;1.220;-6.281;0.000
855.327;-5.780;-2.526;0.000
855.467;9.440;3.193;0.000
855.606;-3.020;5.000;0.000
855.745;10.740;3.947;0.000
855.885;19.320;11.193;0.000
856.024;4.740;1.035;0.000
856.163;7.280;6.211;0.000
856.303;-4.000;-0.544;0.000
856.442;-1.500;-4.263;0.000
856.581;-17.960;-8.228;0.000
856.721;0.260;5.053;0.000
856.860;-2.660;4.807;0.000
856.999;2.340;-2.877;0.000
857.138;8.340;7.035;0.000
857.278;7.320;-0.719;0.000
857.417;7.000;-4.702;0.000
857.556;0.140;3.404;0.000
857.695;-3.700;7.246;0.000
857.835;15.080;8.579;0.000
857.974;-5.020;1.421;0.000
858.113;10.840;-5.070;0.000
858.252;-11.960;4.018;0.000

