-6.0 -0.04430366568 -0.04226840817
-5.988 -0.04453154484 -0.04247369983
-5.976 -0.04476145536 -0.04268069772
-5.964 -0.04499342616 -0.04288942499
-5.952 -0.04522748673 -0.04309990526
-5.94 -0.04546366725 -0.04331216268
-5.928 -0.04570199853 -0.04352622192
-5.916 -0.04594251207 -0.04374210822
-5.904 -0.04618524009 -0.04395984737
-5.892 -0.0464302155 -0.04417946576
-5.88 -0.04667747198 -0.04440099038
-5.868 -0.04692704399 -0.04462444885
-5.856 -0.04717896676 -0.04484986943
-5.844 -0.04743327637 -0.04507728107
-5.832 -0.04769000974 -0.04530671339
-5.82 -0.04794920466 -0.04553819675
-5.808 -0.04821089985 -0.04577176225
-5.796 -0.04847513496 -0.04600744176
-5.784 -0.0487419506 -0.04624526794
-5.772 -0.04901138841 -0.0464852743
-5.76 -0.04928349105 -0.04672749519
-5.748 -0.04955830228 -0.04697196586
-5.736 -0.04983586697 -0.04721872249
-5.724 -0.05011623115 -0.04746780223
-5.712 -0.05039944204 -0.0477192432
-5.7 -0.05068554812 -0.04797308458
-5.688 -0.05097459917 -0.04822936664
-5.676 -0.0512666463 -0.04848813076
-5.664 -0.05156174201 -0.04874941947
-5.652 -0.05185994027 -0.04901327656
-5.64 -0.05216129654 -0.04927974705
-5.628 -0.05246586785 -0.0495488773
-5.616 -0.05277371285 -0.04982071503
-5.604 -0.0530848919 -0.05009530942
-5.592 -0.05339946712 -0.05037271112
-5.58 -0.05371750246 -0.05065297236
-5.568 -0.0540390638 -0.05093614701
-5.556 -0.054364219 -0.05122229062
-5.544 -0.05469303801 -0.05151146055
-5.532 -0.05502559297 -0.05180371601
-5.52 -0.05536195828 -0.05209911817
-5.508 -0.0557022107 -0.05239773023
-5.496 -0.05604642949 -0.05269961756
-5.484 -0.05639469649 -0.05300484775
-5.472 -0.05674709626 -0.05331349074
-5.46 -0.05710371619 -0.05362561896
-5.448 -0.05746464668 -0.05394130741
-5.436 -0.05782998121 -0.05426063384
-5.424 -0.05819981655 -0.05458367885
-5.412 -0.05857425291 -0.05491052603
-5.4 -0.0589533941 -0.05524126217
-5.388 -0.05933734772 -0.05557597737
-5.376 -0.05972622536 -0.05591476528
-5.364 -0.0601201428 -0.05625772321
-5.352 -0.06051922023 -0.05660495242
-5.34 -0.06092358249 -0.05695655827
-5.328 -0.06133335934 -0.05731265049
-5.316 -0.06174868569 -0.05767334343
-5.304 -0.06216970192 -0.05803875629
-5.292 -0.0625965542 -0.05840901345
-5.28 -0.06302939478 -0.05878424476
-5.268 -0.06346838238 -0.05916458585
-5.256 -0.06391368256 -0.05955017852
-5.244 -0.06436546811 -0.05994117107
-5.232 -0.06482391955 -0.06033771877
-5.22 -0.06528922553 -0.06073998425
-5.208 -0.06576158339 -0.06114813798
-5.196 -0.06624119972 -0.06156235883
-5.184 -0.06672829091 -0.06198283455
-5.172 -0.06722308383 -0.06240976241
-5.16 -0.06772581651 -0.06284334986
-5.148 -0.06823673892 -0.06328381519
-5.136 -0.06875611377 -0.06373138832
-5.124 -0.0692842174 -0.0641863116
-5.112 -0.06982134074 -0.06464884072
-5.1 -0.07036779039 -0.06511924571
-5.088 -0.07092388976 -0.06559781193
-5.076 -0.07148998029 -0.06608484131
-5.064 -0.07206642287 -0.06658065355
-5.052 -0.07265359931 -0.06708558753
-5.04 -0.07325191397 -0.06760000283
-5.028 -0.07386179561 -0.06812428134
-5.016 -0.07448369931 -0.06865882916
-5.004 -0.0751181087 -0.06920407849
-4.992 -0.07576553835 -0.06976048994
-4.98 -0.07642653642 -0.07032855487
-4.968 -0.07710168759 -0.07090879809
-4.956 -0.07779161635 -0.07150178086
-4.944 -0.07849699058 -0.07210810407
-4.932 -0.07921852561 -0.072728412
-4.92 -0.07995698866 -0.07336339622
-4.908 -0.08071320387 -0.07401380019
-4.896 -0.08148805791 -0.07468042421
-4.884 -0.08228250625 -0.07536413105
-4.872 -0.08309758024 -0.07606585219
-4.86 -0.08393439503 -0.07678659485
-4.848 -0.08479415861 -0.0775274499
-4.836 -0.08567818192 -0.07828960072
-4.824 -0.08658789047 -0.07907433328
-4.812 -0.08752483744 -0.07988304747
-4.8 -0.08849071867 -0.08071726997
-4.788 -0.08948738991 -0.08157866891
-4.776 -0.09051688646 -0.08246907049
-4.764 -0.09158144595 -0.08339047811
-4.752 -0.09268353461 -0.0843450941
-4.74 -0.0938258777 -0.08533534486
-4.728 -0.09501149507 -0.08636390965
-4.716 -0.09624374255 -0.08743375396
-4.704 -0.09752636067 -0.08854816809
-4.692 -0.09886353204 -0.08971081203
-4.68 -0.1002599492 -0.09092576768
-4.668 -0.1017208956 -0.09219759996
-4.656 -0.103252342 -0.09353142842
-4.644 -0.1048610627 -0.09493301137
-4.632 -0.106554776 -0.09640884524
-4.62 -0.1083423144 -0.09796628188
-4.608 -0.1102338341 -0.09961366774
-4.596 -0.1122410717 -0.1013605091
-4.584 -0.1143776635 -0.1032176687
-4.572 -0.1166595439 -0.1051975995
-4.56 -0.1191054485 -0.107314623
-4.548 -0.121737552 -0.109585259
-4.536 -0.1245822877 -0.112028614
-4.524 -0.1276714073 -0.1146668344
-4.512 -0.1310433687 -0.1175256228
-4.5 -0.1347451703 -0.1206348073
-4.488 -0.1388348062 -0.1240289249
-4.476 -0.1433845893 -0.12774773
-4.464 -0.148485704 -0.1318364361
-4.452 -0.1542545204 -0.136345294
-4.44 -0.1608414387 -0.1413277067
-4.428 -0.1684433755 -0.1468352722
-4.416 -0.1773213884 -0.1529065288
-4.404 -0.1878251482 -0.1595429206
-4.392 -0.2004249355 -0.1666590056
-4.38 -0.2157455984 -0.1739814194
-4.368 -0.2345703056 -0.1808493513
-4.356 -0.257676046 -0.1858425108
-4.344 -0.2849407359 -0.1861803786
-4.332 -0.3115062133 -0.1771125652
-4.32 -0.3137050311 -0.1525346183
-4.308 -0.2233103801 -0.1094100126
-4.296 -0.01666399731 -0.05509941273
-4.284 0.1221245695 -0.006134186237
-4.272 0.1418050236 0.02558173562
-4.26 0.1191774458 0.03985874442
-4.248 0.09105688436 0.04242879364
-4.236 0.06632052179 0.03877647332
-4.224 0.04600277935 0.0323850323
-4.212 0.02946293044 0.02511193473
-4.2 0.01588378569 0.0178519923
-4.188 0.004582518765 0.01099548358
-4.176 -0.004961055788 0.004683705993
-4.164 -0.01313428937 -0.001059468476
-4.152 -0.02022565596 -0.006262199296
-4.14 -0.02645188269 -0.01097285133
-4.128 -0.03197775423 -0.01524488454
-4.116 -0.03693018456 -0.01913000215
-4.104 -0.04140817436 -0.02267534624
-4.092 -0.04548989581 -0.02592264367
-4.08 -0.04923778266 -0.02890825725
-4.068 -0.05270222944 -0.03166362307
-4.056 -0.05592431225 -0.03421581999
-4.044 -0.05893781394 -0.03658815045
-4.032 -0.061770749 -0.03880067962
-4.02 -0.06444652453 -0.04087071295
-4.008 -0.06698483317 -0.04281320875
-3.996 -0.06940234677 -0.04464112953
-3.984 -0.07171326014 -0.04636573895
-3.972 -0.07392972079 -0.04799685162
-3.96 -0.07606217142 -0.0495430432
-3.948 -0.07811962477 -0.05101182679
-3.936 -0.08010988563 -0.05240980147
-3.924 -0.08203973133 -0.05374277746
-3.912 -0.08391505928 -0.05501588188
-3.9 -0.08574100811 -0.05623364832
-3.888 -0.0875220576 -0.05740009305
-3.876 -0.0892621114 -0.05851877981
-3.864 -0.09096456567 -0.05959287533
-3.852 -0.0926323662 -0.0606251969
-3.84 -0.09426805591 -0.06161825328
-3.828 -0.09587381445 -0.06257428002
-3.816 -0.09745149102 -0.06349527009
-3.804 -0.09900263158 -0.06438300041
-3.792 -0.1005285013 -0.06523905506
-3.78 -0.1020301028 -0.0660648455
-3.768 -0.103508191 -0.0668616284
-3.756 -0.1049632846 -0.06763052127
-3.744 -0.1063956751 -0.06837251631
-3.732 -0.1078054335 -0.0690884927
-3.72 -0.1091924146 -0.06977922754
-3.708 -0.1105562597 -0.07044540561
-3.696 -0.1118963978 -0.0710876282
-3.684 -0.1132120444 -0.07170642103
-3.672 -0.1145022004 -0.07230224143
-3.66 -0.1157656482 -0.07287548493
-3.648 -0.1170009484 -0.07342649123
-3.636 -0.1182064341 -0.0739555498
-3.624 -0.1193802055 -0.07446290496
-3.612 -0.1205201231 -0.07494876069
-3.6 -0.1216238014 -0.07541328518
-3.588 -0.1226886008 -0.075856615
-3.576 -0.1237116214 -0.07627885921
-3.564 -0.1246896951 -0.07668010316
-3.552 -0.125619379 -0.07706041229
-3.54 -0.1264969499 -0.07741983565
-3.528 -0.1273183986 -0.07775840943
-3.516 -0.1280794269 -0.07807616039
-3.504 -0.1287754456 -0.0783731092
-3.492 -0.1294015752 -0.07864927375
-3.48 -0.1299526493 -0.07890467242
-3.468 -0.1304232216 -0.07913932732
-3.456 -0.130807577 -0.07935326748
-3.444 -0.1310997474 -0.07954653209
-3.432 -0.1312935332 -0.07971917362
-3.42 -0.131382531 -0.07987126101
-3.408 -0.1313601684 -0.0800028828
-3.396 -0.1312197473 -0.08011415026
-3.384 -0.1309544946 -0.08020520043
-3.372 -0.130557624 -0.08027619922
-3.36 -0.1300224061 -0.08032734439
-3.348 -0.12934225 -0.08035886851
-3.336 -0.1285107948 -0.08037104181
-3.324 -0.1275220123 -0.08036417504
-3.312 -0.1263703194 -0.08033862212
-3.3 -0.1250506996 -0.08029478279
-3.288 -0.1235588332 -0.08023310505
-3.276 -0.1218912331 -0.08015408748
-3.264 -0.1200453853 -0.08005828144
-3.252 -0.1180198895 -0.07994629306
-3.24 -0.1158145978 -0.07981878499
-3.228 -0.1134307468 -0.07967647804
-3.216 -0.1108710781 -0.0795201525
-3.204 -0.1081399443 -0.07935064925
-3.192 -0.1052433929 -0.07916887061
-3.18 -0.102189225 -0.0789757809
-3.168 -0.09898702491 -0.07877240675
-3.156 -0.09564815405 -0.07855983707
-3.144 -0.0921857089 -0.07833922274
-3.132 -0.08861443925 -0.07811177599
-3.12 -0.08495062692 -0.07787876947
-3.108 -0.08121192547 -0.07764153503
-3.096 -0.07741716371 -0.07740146214
-3.084 -0.07358611692 -0.07715999608
-3.072 -0.06973925143 -0.07691863582
-3.06 -0.06589744948 -0.07667893159
-3.048 -0.06208172219 -0.07644248227
-3.036 -0.05831291905 -0.07621093248
-3.024 -0.05461144262 -0.07598596951
-3.012 -0.05099697678 -0.07576932005
-3.0 -0.04748823619 -0.07556274674
-2.988 -0.04410274367 -0.07536804468
-2.976 -0.0408566408 -0.07518703779
-2.964 -0.03776453549 -0.07502157514
-2.952 -0.0348393889 -0.0748735273
-2.94 -0.03209244203 -0.07474478271
-2.928 -0.02953318138 -0.07463724411
-2.916 -0.02716934131 -0.07455282511
-2.904 -0.02500693982 -0.07449344691
-2.892 -0.02305034377 -0.07446103522
-2.88 -0.02130235881 -0.07445751743
-2.868 -0.01976433922 -0.07448482004
-2.856 -0.01843631273 -0.0745448664
-2.844 -0.01731711547 -0.07463957488
-2.832 -0.01640453293 -0.07477085733
-2.82 -0.01569544279 -0.07494061802
-2.808 -0.01518595631 -0.07515075302
-2.796 -0.01487155552 -0.07540315011
-2.784 -0.01474722395 -0.07569968912
-2.772 -0.01480756924 -0.07604224291
-2.76 -0.01504693651 -0.07643267886
-2.748 -0.0154595117 -0.07687286098
-2.736 -0.01603941472 -0.07736465264
-2.724 -0.01678078235 -0.07790991998
-2.712 -0.01767784118 -0.07851053598
-2.7 -0.01872497114 -0.07916838526
-2.688 -0.01991676027 -0.07988536959
-2.676 -0.02124805147 -0.08066341428
-2.664 -0.02271398203 -0.08150447531
-2.652 -0.02431001698 -0.08241054746
-2.64 -0.02603197685 -0.08338367324
-2.628 -0.027876061 -0.08442595302
-2.616 -0.02983886716 -0.08553955612
-2.604 -0.03191740817 -0.08672673322
-2.592 -0.03410912652 -0.08798983001
-2.58 -0.03641190769 -0.08933130236
-2.568 -0.03882409282 -0.09075373311
-2.556 -0.04134449151 -0.09225985067
-2.544 -0.04397239554 -0.09385254967
-2.532 -0.04670759405 -0.09553491399
-2.52 -0.04955039102 -0.09731024232
-2.508 -0.05250162588 -0.09918207689
-2.496 -0.05556269791 -0.1011542355
-2.484 -0.05873559537 -0.1032308478
-2.472 -0.06202293055 -0.1054163956
-2.46 -0.06542798164 -0.1077157598
-2.448 -0.06895474292 -0.1101342718
-2.436 -0.0726079849 -0.1126777739
-2.424 -0.07639332613 -0.1153526874
-2.412 -0.08031731931 -0.1181660909
-2.4 -0.08438755412 -0.1211258109
-2.388 -0.08861278067 -0.1242405263
-2.376 -0.09300305754 -0.1275198894
-2.364 -0.09756993003 -0.1309746678
-2.352 -0.1023266453 -0.1346169093
-2.34 -0.1072884132 -0.1384601363
-2.328 -0.1124727234 -0.1425195735
-2.316 -0.1178997333 -0.1468124176
-2.304 -0.1235927458 -0.1513581566
-2.292 -0.1295787989 -0.156178948
-2.28 -0.1358894015 -0.1613000684
-2.268 -0.1425614556 -0.1667504482
-2.256 -0.1496384228 -0.172563306
-2.244 -0.1571718113 -0.1787768988
-2.232 -0.1652230903 -0.1854354038
-2.22 -0.1738661766 -0.192589939
-2.208 -0.1831907001 -0.2002997186
-2.196 -0.1933063383 -0.2086333029
-2.184 -0.2043486382 -0.2176698368
-2.172 -0.2164869271 -0.2275000322
-2.16 -0.2299351956 -0.2382263765
-2.148 -0.2449672392 -0.2499615111
-2.136 -0.2619379352 -0.2628226467
-2.124 -0.2813133065 -0.2769177416
-2.112 -0.3037128412 -0.2923148543
-2.1 -0.3299675169 -0.3089774249
-2.088 -0.3611926353 -0.3266310794
-2.076 -0.3988526706 -0.3444951724
-2.064 -0.4447053692 -0.3607593532
-2.052 -0.5001552176 -0.3716367123
-2.04 -0.5631205341 -0.3699571546
-2.028 -0.6151089593 -0.3442204818
-2.016 -0.578751447 -0.2818027121
-2.004 -0.2890197305 -0.181527295
-1.992 0.1539381048 -0.06716284698
-1.98 0.3506670115 0.025318503
-1.968 0.3446983588 0.07804806503
-1.956 0.2844245564 0.09637148281
-1.944 0.2220615461 0.09338135249
-1.932 0.1684253389 0.07962262884
-1.92 0.1238535091 0.06135496095
-1.908 0.08667808529 0.04179833139
-1.896 0.0552020406 0.02245789521
-1.884 0.02806651065 0.003959496824
-1.872 0.004245539178 -0.01349919572
-1.86 -0.01702671188 -0.02991959682
-1.848 -0.03632508839 -0.04538914012
-1.836 -0.05408643427 -0.06002663024
-1.824 -0.07064780519 -0.07395659969
-1.812 -0.08627356932 -0.0872979688
-1.8 -0.1011746369 -0.1001596913
-1.788 -0.115522217 -0.11263974
-1.776 -0.1294577756 -0.1248256175
-1.764 -0.1431003437 -0.1367954922
-1.752 -0.1565519606 -0.1486195233
-1.74 -0.1699017927 -0.1603611713
-1.728 -0.1832293036 -0.172078407
-1.716 -0.1966067398 -0.1838247918
-1.704 -0.2101011191 -0.1956504271
-1.692 -0.2237758598 -0.2076027852
-1.68 -0.2376921489 -0.2197274371
-1.668 -0.2519101276 -0.2320686929
-1.656 -0.26648995 -0.2446701704
-1.644 -0.2814927629 -0.2575753037
-1.632 -0.2969816453 -0.2708278032
-1.62 -0.3130225396 -0.2844720738
-1.608 -0.3296852063 -0.2985535967
-1.596 -0.3470442303 -0.3131192768
-1.584 -0.3651801097 -0.3282177543
-1.572 -0.3841804564 -0.3438996747
-1.56 -0.4041413453 -0.3602179065
-1.548 -0.4251688498 -0.3772276875
-1.536 -0.4473808102 -0.394986674
-1.524 -0.470908887 -0.4135548496
-1.512 -0.4959009638 -0.432994236
-1.5 -0.5225239735 -0.4533683204
-1.488 -0.5509672378 -0.4747410778
-1.476 -0.5814464219 -0.4971754174
-1.464 -0.6142082246 -0.5207308066
-1.452 -0.6495359338 -0.5454597272
-1.44 -0.6877559805 -0.5714024702
-1.428 -0.7292456057 -0.5985795694
-1.416 -0.7744416888 -0.626980885
-1.404 -0.8238506267 -0.6565499379
-1.392 -0.8780588114 -0.6871615349
-1.38 -0.9377425494 -0.7185899658
-1.368 -1.00367486 -0.7504640697
-1.356 -1.076723801 -0.7822042882
-1.344 -1.157831437 -0.8129356135
-1.332 -1.247951575 -0.8413695981
-1.32 -1.347902366 -0.8656495256
-1.308 -1.458045592 -0.8831579577
-1.296 -1.577615669 -0.8902999018
-1.284 -1.703347151 -0.8823053827
-1.272 -1.826729724 -0.8531513636
-1.26 -1.928741004 -0.7957872469
-1.248 -1.970686793 -0.7029342914
-1.236 -1.882106483 -0.5687248459
-1.224 -1.558564368 -0.391180168
-1.212 -0.9085662982 -0.1748651243
-1.2 0.02182028878 0.06774602499
-1.188 0.9796444752 0.3177492433
-1.176 1.687992421 0.5542945894
-1.164 2.06409809 0.7600781785
-1.152 2.18604889 0.9250299283
-1.14 2.161632883 1.046816179
-1.128 2.067779309 1.128895502
-1.116 1.947857159 1.177795593
-1.104 1.823554913 1.200858515
-1.092 1.704772433 1.204876409
-1.08 1.595475465 1.195498401
-1.068 1.49678132 1.177122692
-1.056 1.408509291 1.153026094
-1.044 1.329940723 1.125574732
-1.032 1.260183218 1.096436221
-1.02 1.198338528 1.066761137
-1.008 1.143573621 1.037326147
-0.996 1.095144454 1.008641808
-0.984 1.052397188 0.9810315249
-0.972 1.014759194 0.9546883696
-0.96 0.9817260837 0.9297155051
-0.948 0.9528479127 0.906154728
-0.936 0.9277161992 0.8840065059
-0.924 0.9059526609 0.8632439798
-0.912 0.8872001972 0.8438227021
-0.9 0.8711164169 0.825687373
-0.888 0.8573698268 0.8087764664
-0.876 0.8456386032 0.7930253791
-0.864 0.8356116543 0.7783685454
-0.852 0.8269914838 0.7647408344
-0.84 0.819498204 0.7520784492
-0.828 0.8128739665 0.7403194866
-0.816 0.8068870989 0.7294042663
-0.804 0.8013353536 0.7192755084
-0.792 0.7960478626 0.7098784126
-0.78 0.7908856212 0.7011606769
-0.768 0.7857405333 0.6930724821
-0.756 0.7805332261 0.6855664575
-0.744 0.7752099459 0.6785976398
-0.732 0.7697388913 0.6721234314
-0.72 0.7641063209 0.6661035596
-0.708 0.7583127236 0.6605000407
-0.696 0.7523692644 0.6552771449
-0.684 0.7462946418 0.650401364
-0.672 0.7401124284 0.6458413779
-0.66 0.7338489064 0.6415680187
-0.648 0.7275313759 0.6375542311
-0.636 0.7211868872 0.6337750268
-0.624 0.7148413349 0.6302074324
-0.612 0.7085188524 0.62683043
-0.6 0.7022414432 0.6236248893
-0.588 0.6960287957 0.6205734931
-0.576 0.6898982326 0.6176606555
-0.564 0.6838647579 0.6148724331
-0.552 0.6779411684 0.6121964323
-0.54 0.6721382067 0.6096217116
-0.528 0.6664647377 0.6071386819
-0.516 0.6609279339 0.6047390052
-0.504 0.6555334617 0.6024154933
-0.492 0.6502856611 0.6001620079
-0.48 0.6451877152 0.5979733629
-0.468 0.6402418069 0.59584523
-0.456 0.6354492622 0.5937740478
-0.444 0.6308106787 0.5917569371
-0.432 0.6263260406 0.5897916194
-0.42 0.6219948206 0.5878763424
-0.408 0.617816069 0.5860098108
-0.396 0.6137884926 0.5841911223
-0.384 0.6099105221 0.5824197104
-0.372 0.6061803712 0.5806952916
-0.36 0.6025960873 0.5790178188
-0.348 0.5991555955 0.5773874399
-0.336 0.5958567349 0.5758044603
-0.324 0.5926972916 0.5742693109
-0.312 0.5896750245 0.5727825199
-0.3 0.586787689 0.5713446883
-0.288 0.5840330555 0.5699564687
-0.276 0.5814089259 0.5686185478
-0.264 0.578913147 0.5673316311
-0.252 0.5765436215 0.5660964304
-0.24 0.5742983174 0.5649136534
-0.228 0.5721752754 0.5637839949
-0.216 0.570172615 0.5627081304
-0.204 0.5682885397 0.5616867103
-0.192 0.5665213408 0.5607203558
-0.18 0.5648694005 0.559809656
-0.168 0.5633311944 0.5589551652
-0.156 0.5619052935 0.5581574013
-0.144 0.5605903653 0.5574168454
-0.132 0.5593851748 0.5567339406
-0.12 0.5582885855 0.5561090922
-0.108 0.5572995597 0.5555426677
-0.096 0.5564171585 0.5550349974
-0.084 0.5556405423 0.5545863744
-0.072 0.5549689707 0.5541970556
-0.06 0.5544018022 0.5538672622
-0.048 0.5539384943 0.5535971798
-0.036 0.5535786034 0.55338696
-0.024 0.5533217847 0.5532367196
-0.012 0.553167792 0.5531465422
0.0 0.5531164775 0.5531164775
0.012 0.553167792 0.5531465422
0.024 0.5533217847 0.5532367196
0.036 0.5535786034 0.55338696
0.048 0.5539384943 0.5535971798
0.06 0.5544018022 0.5538672622
0.072 0.5549689707 0.5541970556
0.084 0.5556405423 0.5545863744
0.096 0.5564171585 0.5550349974
0.108 0.5572995597 0.5555426677
0.12 0.5582885855 0.5561090922
0.132 0.5593851748 0.5567339406
0.144 0.5605903653 0.5574168454
0.156 0.5619052935 0.5581574013
0.168 0.5633311944 0.5589551652
0.18 0.5648694005 0.559809656
0.192 0.5665213408 0.5607203558
0.204 0.5682885397 0.5616867103
0.216 0.570172615 0.5627081304
0.228 0.5721752754 0.5637839949
0.24 0.5742983174 0.5649136534
0.252 0.5765436215 0.5660964304
0.264 0.578913147 0.5673316311
0.276 0.5814089259 0.5686185478
0.288 0.5840330555 0.5699564687
0.3 0.586787689 0.5713446883
0.312 0.5896750245 0.5727825199
0.324 0.5926972916 0.5742693109
0.336 0.5958567349 0.5758044603
0.348 0.5991555955 0.5773874399
0.36 0.6025960873 0.5790178188
0.372 0.6061803712 0.5806952916
0.384 0.6099105221 0.5824197104
0.396 0.6137884926 0.5841911223
0.408 0.617816069 0.5860098108
0.42 0.6219948206 0.5878763424
0.432 0.6263260406 0.5897916194
0.444 0.6308106787 0.5917569371
0.456 0.6354492622 0.5937740478
0.468 0.6402418069 0.59584523
0.48 0.6451877152 0.5979733629
0.492 0.6502856611 0.6001620079
0.504 0.6555334617 0.6024154933
0.516 0.6609279339 0.6047390052
0.528 0.6664647377 0.6071386819
0.54 0.6721382067 0.6096217116
0.552 0.6779411684 0.6121964323
0.564 0.6838647579 0.6148724331
0.576 0.6898982326 0.6176606555
0.588 0.6960287957 0.6205734931
0.6 0.7022414432 0.6236248893
0.612 0.7085188524 0.62683043
0.624 0.7148413349 0.6302074324
0.636 0.7211868872 0.6337750268
0.648 0.7275313759 0.6375542311
0.66 0.7338489064 0.6415680187
0.672 0.7401124284 0.6458413779
0.684 0.7462946418 0.650401364
0.696 0.7523692644 0.6552771449
0.708 0.7583127236 0.6605000407
0.72 0.7641063209 0.6661035596
0.732 0.7697388913 0.6721234314
0.744 0.7752099459 0.6785976398
0.756 0.7805332261 0.6855664575
0.768 0.7857405333 0.6930724821
0.78 0.7908856212 0.7011606769
0.792 0.7960478626 0.7098784126
0.804 0.8013353536 0.7192755084
0.816 0.8068870989 0.7294042663
0.828 0.8128739665 0.7403194866
0.84 0.819498204 0.7520784492
0.852 0.8269914838 0.7647408344
0.864 0.8356116543 0.7783685454
0.876 0.8456386032 0.7930253791
0.888 0.8573698268 0.8087764664
0.9 0.8711164169 0.825687373
0.912 0.8872001972 0.8438227021
0.924 0.9059526609 0.8632439798
0.936 0.9277161992 0.8840065059
0.948 0.9528479127 0.906154728
0.96 0.9817260837 0.9297155051
0.972 1.014759194 0.9546883696
0.984 1.052397188 0.9810315249
0.996 1.095144454 1.008641808
1.008 1.143573621 1.037326147
1.02 1.198338528 1.066761137
1.032 1.260183218 1.096436221
1.044 1.329940723 1.125574732
1.056 1.408509291 1.153026094
1.068 1.49678132 1.177122692
1.08 1.595475465 1.195498401
1.092 1.704772433 1.204876409
1.104 1.823554913 1.200858515
1.116 1.947857159 1.177795593
1.128 2.067779309 1.128895502
1.14 2.161632883 1.046816179
1.152 2.18604889 0.9250299283
1.164 2.06409809 0.7600781785
1.176 1.687992421 0.5542945894
1.188 0.9796444752 0.3177492433
1.2 0.02182028878 0.06774602499
1.212 -0.9085662982 -0.1748651243
1.224 -1.558564368 -0.391180168
1.236 -1.882106483 -0.5687248459
1.248 -1.970686793 -0.7029342914
1.26 -1.928741004 -0.7957872469
1.272 -1.826729724 -0.8531513636
1.284 -1.703347151 -0.8823053827
1.296 -1.577615669 -0.8902999018
1.308 -1.458045592 -0.8831579577
1.32 -1.347902366 -0.8656495256
1.332 -1.247951575 -0.8413695981
1.344 -1.157831437 -0.8129356135
1.356 -1.076723801 -0.7822042882
1.368 -1.00367486 -0.7504640697
1.38 -0.9377425494 -0.7185899658
1.392 -0.8780588114 -0.6871615349
1.404 -0.8238506267 -0.6565499379
1.416 -0.7744416888 -0.626980885
1.428 -0.7292456057 -0.5985795694
1.44 -0.6877559805 -0.5714024702
1.452 -0.6495359338 -0.5454597272
1.464 -0.6142082246 -0.5207308066
1.476 -0.5814464219 -0.4971754174
1.488 -0.5509672378 -0.4747410778
1.5 -0.5225239735 -0.4533683204
1.512 -0.4959009638 -0.432994236
1.524 -0.470908887 -0.4135548496
1.536 -0.4473808102 -0.394986674
1.548 -0.4251688498 -0.3772276875
1.56 -0.4041413453 -0.3602179065
1.572 -0.3841804564 -0.3438996747
1.584 -0.3651801097 -0.3282177543
1.596 -0.3470442303 -0.3131192768
1.608 -0.3296852063 -0.2985535967
1.62 -0.3130225396 -0.2844720738
1.632 -0.2969816453 -0.2708278032
1.644 -0.2814927629 -0.2575753037
1.656 -0.26648995 -0.2446701704
1.668 -0.2519101276 -0.2320686929
1.68 -0.2376921489 -0.2197274371
1.692 -0.2237758598 -0.2076027852
1.704 -0.2101011191 -0.1956504271
1.716 -0.1966067398 -0.1838247918
1.728 -0.1832293036 -0.172078407
1.74 -0.1699017927 -0.1603611713
1.752 -0.1565519606 -0.1486195233
1.764 -0.1431003437 -0.1367954922
1.776 -0.1294577756 -0.1248256175
1.788 -0.115522217 -0.11263974
1.8 -0.1011746369 -0.1001596913
1.812 -0.08627356932 -0.0872979688
1.824 -0.07064780519 -0.07395659969
1.836 -0.05408643427 -0.06002663024
1.848 -0.03632508839 -0.04538914012
1.86 -0.01702671188 -0.02991959682
1.872 0.004245539178 -0.01349919572
1.884 0.02806651065 0.003959496824
1.896 0.0552020406 0.02245789521
1.908 0.08667808529 0.04179833139
1.92 0.1238535091 0.06135496095
1.932 0.1684253389 0.07962262884
1.944 0.2220615461 0.09338135249
1.956 0.2844245564 0.09637148281
1.968 0.3446983588 0.07804806503
1.98 0.3506670115 0.025318503
1.992 0.1539381048 -0.06716284698
2.004 -0.2890197305 -0.181527295
2.016 -0.578751447 -0.2818027121
2.028 -0.6151089593 -0.3442204818
2.04 -0.5631205341 -0.3699571546
2.052 -0.5001552176 -0.3716367123
2.064 -0.4447053692 -0.3607593532
2.076 -0.3988526706 -0.3444951724
2.088 -0.3611926353 -0.3266310794
2.1 -0.3299675169 -0.3089774249
2.112 -0.3037128412 -0.2923148543
2.124 -0.2813133065 -0.2769177416
2.136 -0.2619379352 -0.2628226467
2.148 -0.2449672392 -0.2499615111
2.16 -0.2299351956 -0.2382263765
2.172 -0.2164869271 -0.2275000322
2.184 -0.2043486382 -0.2176698368
2.196 -0.1933063383 -0.2086333029
2.208 -0.1831907001 -0.2002997186
2.22 -0.1738661766 -0.192589939
2.232 -0.1652230903 -0.1854354038
2.244 -0.1571718113 -0.1787768988
2.256 -0.1496384228 -0.172563306
2.268 -0.1425614556 -0.1667504482
2.28 -0.1358894015 -0.1613000684
2.292 -0.1295787989 -0.156178948
2.304 -0.1235927458 -0.1513581566
2.316 -0.1178997333 -0.1468124176
2.328 -0.1124727234 -0.1425195735
2.34 -0.1072884132 -0.1384601363
2.352 -0.1023266453 -0.1346169093
2.364 -0.09756993003 -0.1309746678
2.376 -0.09300305754 -0.1275198894
2.388 -0.08861278067 -0.1242405263
2.4 -0.08438755412 -0.1211258109
2.412 -0.08031731931 -0.1181660909
2.424 -0.07639332613 -0.1153526874
2.436 -0.0726079849 -0.1126777739
2.448 -0.06895474292 -0.1101342718
2.46 -0.06542798164 -0.1077157598
2.472 -0.06202293055 -0.1054163956
2.484 -0.05873559537 -0.1032308478
2.496 -0.05556269791 -0.1011542355
2.508 -0.05250162588 -0.09918207689
2.52 -0.04955039102 -0.09731024232
2.532 -0.04670759405 -0.09553491399
2.544 -0.04397239554 -0.09385254967
2.556 -0.04134449151 -0.09225985067
2.568 -0.03882409282 -0.09075373311
2.58 -0.03641190769 -0.08933130236
2.592 -0.03410912652 -0.08798983001
2.604 -0.03191740817 -0.08672673322
2.616 -0.02983886716 -0.08553955612
2.628 -0.027876061 -0.08442595302
2.64 -0.02603197685 -0.08338367324
2.652 -0.02431001698 -0.08241054746
2.664 -0.02271398203 -0.08150447531
2.676 -0.02124805147 -0.08066341428
2.688 -0.01991676027 -0.07988536959
2.7 -0.01872497114 -0.07916838526
2.712 -0.01767784118 -0.07851053598
2.724 -0.01678078235 -0.07790991998
2.736 -0.01603941472 -0.07736465264
2.748 -0.0154595117 -0.07687286098
2.76 -0.01504693651 -0.07643267886
2.772 -0.01480756924 -0.07604224291
2.784 -0.01474722395 -0.07569968912
2.796 -0.01487155552 -0.07540315011
2.808 -0.01518595631 -0.07515075302
2.82 -0.01569544279 -0.07494061802
2.832 -0.01640453293 -0.07477085733
2.844 -0.01731711547 -0.07463957488
2.856 -0.01843631273 -0.0745448664
2.868 -0.01976433922 -0.07448482004
2.88 -0.02130235881 -0.07445751743
2.892 -0.02305034377 -0.07446103522
2.904 -0.02500693982 -0.07449344691
2.916 -0.02716934131 -0.07455282511
2.928 -0.02953318138 -0.07463724411
2.94 -0.03209244203 -0.07474478271
2.952 -0.0348393889 -0.0748735273
2.964 -0.03776453549 -0.07502157514
2.976 -0.0408566408 -0.07518703779
2.988 -0.04410274367 -0.07536804468
3.0 -0.04748823619 -0.07556274674
3.012 -0.05099697678 -0.07576932005
3.024 -0.05461144262 -0.07598596951
3.036 -0.05831291905 -0.07621093248
3.048 -0.06208172219 -0.07644248227
3.06 -0.06589744948 -0.07667893159
3.072 -0.06973925143 -0.07691863582
3.084 -0.07358611692 -0.07715999608
3.096 -0.07741716371 -0.07740146214
3.108 -0.08121192547 -0.07764153503
3.12 -0.08495062692 -0.07787876947
3.132 -0.08861443925 -0.07811177599
3.144 -0.0921857089 -0.07833922274
3.156 -0.09564815405 -0.07855983707
3.168 -0.09898702491 -0.07877240675
3.18 -0.102189225 -0.0789757809
3.192 -0.1052433929 -0.07916887061
3.204 -0.1081399443 -0.07935064925
3.216 -0.1108710781 -0.0795201525
3.228 -0.1134307468 -0.07967647804
3.24 -0.1158145978 -0.07981878499
3.252 -0.1180198895 -0.07994629306
3.264 -0.1200453853 -0.08005828144
3.276 -0.1218912331 -0.08015408748
3.288 -0.1235588332 -0.08023310505
3.3 -0.1250506996 -0.08029478279
3.312 -0.1263703194 -0.08033862212
3.324 -0.1275220123 -0.08036417504
3.336 -0.1285107948 -0.08037104181
3.348 -0.12934225 -0.08035886851
3.36 -0.1300224061 -0.08032734439
3.372 -0.130557624 -0.08027619922
3.384 -0.1309544946 -0.08020520043
3.396 -0.1312197473 -0.08011415026
3.408 -0.1313601684 -0.0800028828
3.42 -0.131382531 -0.07987126101
3.432 -0.1312935332 -0.07971917362
3.444 -0.1310997474 -0.07954653209
3.456 -0.130807577 -0.07935326748
3.468 -0.1304232216 -0.07913932732
3.48 -0.1299526493 -0.07890467242
3.492 -0.1294015752 -0.07864927375
3.504 -0.1287754456 -0.0783731092
3.516 -0.1280794269 -0.07807616039
3.528 -0.1273183986 -0.07775840943
3.54 -0.1264969499 -0.07741983565
3.552 -0.125619379 -0.07706041229
3.564 -0.1246896951 -0.07668010316
3.576 -0.1237116214 -0.07627885921
3.588 -0.1226886008 -0.075856615
3.6 -0.1216238014 -0.07541328518
3.612 -0.1205201231 -0.07494876069
3.624 -0.1193802055 -0.07446290496
3.636 -0.1182064341 -0.0739555498
3.648 -0.1170009484 -0.07342649123
3.66 -0.1157656482 -0.07287548493
3.672 -0.1145022004 -0.07230224143
3.684 -0.1132120444 -0.07170642103
3.696 -0.1118963978 -0.0710876282
3.708 -0.1105562597 -0.07044540561
3.72 -0.1091924146 -0.06977922754
3.732 -0.1078054335 -0.0690884927
3.744 -0.1063956751 -0.06837251631
3.756 -0.1049632846 -0.06763052127
3.768 -0.103508191 -0.0668616284
3.78 -0.1020301028 -0.0660648455
3.792 -0.1005285013 -0.06523905506
3.804 -0.09900263158 -0.06438300041
3.816 -0.09745149102 -0.06349527009
3.828 -0.09587381445 -0.06257428002
3.84 -0.09426805591 -0.06161825328
3.852 -0.0926323662 -0.0606251969
3.864 -0.09096456567 -0.05959287533
3.876 -0.0892621114 -0.05851877981
3.888 -0.0875220576 -0.05740009305
3.9 -0.08574100811 -0.05623364832
3.912 -0.08391505928 -0.05501588188
3.924 -0.08203973133 -0.05374277746
3.936 -0.08010988563 -0.05240980147
3.948 -0.07811962477 -0.05101182679
3.96 -0.07606217142 -0.0495430432
3.972 -0.07392972079 -0.04799685162
3.984 -0.07171326014 -0.04636573895
3.996 -0.06940234677 -0.04464112953
4.008 -0.06698483317 -0.04281320875
4.02 -0.06444652453 -0.04087071295
4.032 -0.061770749 -0.03880067962
4.044 -0.05893781394 -0.03658815045
4.056 -0.05592431225 -0.03421581999
4.068 -0.05270222944 -0.03166362307
4.08 -0.04923778266 -0.02890825725
4.092 -0.04548989581 -0.02592264367
4.104 -0.04140817436 -0.02267534624
4.116 -0.03693018456 -0.01913000215
4.128 -0.03197775423 -0.01524488454
4.14 -0.02645188269 -0.01097285133
4.152 -0.02022565596 -0.006262199296
4.164 -0.01313428937 -0.001059468476
4.176 -0.004961055788 0.004683705993
4.188 0.004582518765 0.01099548358
4.2 0.01588378569 0.0178519923
4.212 0.02946293044 0.02511193473
4.224 0.04600277935 0.0323850323
4.236 0.06632052179 0.03877647332
4.248 0.09105688436 0.04242879364
4.26 0.1191774458 0.03985874442
4.272 0.1418050236 0.02558173562
4.284 0.1221245695 -0.006134186237
4.296 -0.01666399731 -0.05509941273
4.308 -0.2233103801 -0.1094100126
4.32 -0.3137050311 -0.1525346183
4.332 -0.3115062133 -0.1771125652
4.344 -0.2849407359 -0.1861803786
4.356 -0.257676046 -0.1858425108
4.368 -0.2345703056 -0.1808493513
4.38 -0.2157455984 -0.1739814194
4.392 -0.2004249355 -0.1666590056
4.404 -0.1878251482 -0.1595429206
4.416 -0.1773213884 -0.1529065288
4.428 -0.1684433755 -0.1468352722
4.44 -0.1608414387 -0.1413277067
4.452 -0.1542545204 -0.136345294
4.464 -0.148485704 -0.1318364361
4.476 -0.1433845893 -0.12774773
4.488 -0.1388348062 -0.1240289249
4.5 -0.1347451703 -0.1206348073
4.512 -0.1310433687 -0.1175256228
4.524 -0.1276714073 -0.1146668344
4.536 -0.1245822877 -0.112028614
4.548 -0.121737552 -0.109585259
4.56 -0.1191054485 -0.107314623
4.572 -0.1166595439 -0.1051975995
4.584 -0.1143776635 -0.1032176687
4.596 -0.1122410717 -0.1013605091
4.608 -0.1102338341 -0.09961366774
4.62 -0.1083423144 -0.09796628188
4.632 -0.106554776 -0.09640884524
4.644 -0.1048610627 -0.09493301137
4.656 -0.103252342 -0.09353142842
4.668 -0.1017208956 -0.09219759996
4.68 -0.1002599492 -0.09092576768
4.692 -0.09886353204 -0.08971081203
4.704 -0.09752636067 -0.08854816809
4.716 -0.09624374255 -0.08743375396
4.728 -0.09501149507 -0.08636390965
4.74 -0.0938258777 -0.08533534486
4.752 -0.09268353461 -0.0843450941
4.764 -0.09158144595 -0.08339047811
4.776 -0.09051688646 -0.08246907049
4.788 -0.08948738991 -0.08157866891
4.8 -0.08849071867 -0.08071726997
4.812 -0.08752483744 -0.07988304747
4.824 -0.08658789047 -0.07907433328
4.836 -0.08567818192 -0.07828960072
4.848 -0.08479415861 -0.0775274499
4.86 -0.08393439503 -0.07678659485
4.872 -0.08309758024 -0.07606585219
4.884 -0.08228250625 -0.07536413105
4.896 -0.08148805791 -0.07468042421
4.908 -0.08071320387 -0.07401380019
4.92 -0.07995698866 -0.07336339622
4.932 -0.07921852561 -0.072728412
4.944 -0.07849699058 -0.07210810407
4.956 -0.07779161635 -0.07150178086
4.968 -0.07710168759 -0.07090879809
4.98 -0.07642653642 -0.07032855487
4.992 -0.07576553835 -0.06976048994
5.004 -0.0751181087 -0.06920407849
5.016 -0.07448369931 -0.06865882916
5.028 -0.07386179561 -0.06812428134
5.04 -0.07325191397 -0.06760000283
5.052 -0.07265359931 -0.06708558753
5.064 -0.07206642287 -0.06658065355
5.076 -0.07148998029 -0.06608484131
5.088 -0.07092388976 -0.06559781193
5.1 -0.07036779039 -0.06511924571
5.112 -0.06982134074 -0.06464884072
5.124 -0.0692842174 -0.0641863116
5.136 -0.06875611377 -0.06373138832
5.148 -0.06823673892 -0.06328381519
5.16 -0.06772581651 -0.06284334986
5.172 -0.06722308383 -0.06240976241
5.184 -0.06672829091 -0.06198283455
5.196 -0.06624119972 -0.06156235883
5.208 -0.06576158339 -0.06114813798
5.22 -0.06528922553 -0.06073998425
5.232 -0.06482391955 -0.06033771877
5.244 -0.06436546811 -0.05994117107
5.256 -0.06391368256 -0.05955017852
5.268 -0.06346838238 -0.05916458585
5.28 -0.06302939478 -0.05878424476
5.292 -0.0625965542 -0.05840901345
5.304 -0.06216970192 -0.05803875629
5.316 -0.06174868569 -0.05767334343
5.328 -0.06133335934 -0.05731265049
5.34 -0.06092358249 -0.05695655827
5.352 -0.06051922023 -0.05660495242
5.364 -0.0601201428 -0.05625772321
5.376 -0.05972622536 -0.05591476528
5.388 -0.05933734772 -0.05557597737
5.4 -0.0589533941 -0.05524126217
5.412 -0.05857425291 -0.05491052603
5.424 -0.05819981655 -0.05458367885
5.436 -0.05782998121 -0.05426063384
5.448 -0.05746464668 -0.05394130741
5.46 -0.05710371619 -0.05362561896
5.472 -0.05674709626 -0.05331349074
5.484 -0.05639469649 -0.05300484775
5.496 -0.05604642949 -0.05269961756
5.508 -0.0557022107 -0.05239773023
5.52 -0.05536195828 -0.05209911817
5.532 -0.05502559297 -0.05180371601
5.544 -0.05469303801 -0.05151146055
5.556 -0.054364219 -0.05122229062
5.568 -0.0540390638 -0.05093614701
5.58 -0.05371750246 -0.05065297236
5.592 -0.05339946712 -0.05037271112
5.604 -0.0530848919 -0.05009530942
5.616 -0.05277371285 -0.04982071503
5.628 -0.05246586785 -0.0495488773
5.64 -0.05216129654 -0.04927974705
5.652 -0.05185994027 -0.04901327656
5.664 -0.05156174201 -0.04874941947
5.676 -0.0512666463 -0.04848813076
5.688 -0.05097459917 -0.04822936664
5.7 -0.05068554812 -0.04797308458
5.712 -0.05039944204 -0.0477192432
5.724 -0.05011623115 -0.04746780223
5.736 -0.04983586697 -0.04721872249
5.748 -0.04955830228 -0.04697196586
5.76 -0.04928349105 -0.04672749519
5.772 -0.04901138841 -0.0464852743
5.784 -0.0487419506 -0.04624526794
5.796 -0.04847513496 -0.04600744176
5.808 -0.04821089985 -0.04577176225
5.82 -0.04794920466 -0.04553819675
5.832 -0.04769000974 -0.04530671339
5.844 -0.04743327637 -0.04507728107
5.856 -0.04717896676 -0.04484986943
5.868 -0.04692704399 -0.04462444885
5.88 -0.04667747198 -0.04440099038
5.892 -0.0464302155 -0.04417946576
5.904 -0.04618524009 -0.04395984737
5.916 -0.04594251207 -0.04374210822
5.928 -0.04570199853 -0.04352622192
5.94 -0.04546366725 -0.04331216268
5.952 -0.04522748673 -0.04309990526
5.964 -0.04499342616 -0.04288942499
5.976 -0.04476145536 -0.04268069772
5.988 -0.04453154484 -0.04247369983
6.0 -0.04430366568 -0.04226840817
